{
    "animation": [
        {
            "name": "Leg_ik_L",
            "time": [0.0, 0.0167, 0.0333, 0.05, 0.0667, 0.0833, 0.1, 0.1167, 0.1333, 0.15, 0.1667, 0.1833, 0.2, 0.2167, 0.2333, 0.25, 0.2667, 0.2833, 0.3, 0.3167, 0.3333, 0.35, 0.3667, 0.3833, 0.4, 0.4167, 0.4333, 0.45, 0.4667, 0.4833, 0.5, 0.5167, 0.5333, 0.55, 0.5667, 0.5833, 0.6, 0.6167, 0.6333, 0.65, 0.6667, 0.6833, 0.7, 0.7167, 0.7333, 0.75, 0.7667, 0.7833, 0.8, 0.8167, 0.8333, 0.85, 0.8667, 0.8833, 0.9, 0.9167, 0.9333, 0.95, 0.9667, 0.9833, 1.0, 1.0167, 1.0333, 1.05, 1.0667, 1.0833, 1.1, 1.1167, 1.1333, 1.15, 1.1667, 1.1833, 1.2, 1.2167, 1.2333, 1.25, 1.2667, 1.2833, 1.3, 1.3167, 1.3333, 1.35, 1.3667, 1.3833, 1.4, 1.4167, 1.4333, 1.45, 1.4667, 1.4833, 1.5, 1.5167, 1.5333, 1.55, 1.5667, 1.5833, 1.6, 1.6167, 1.6333, 1.65, 1.6667, 1.6833, 1.7, 1.7167, 1.7333, 1.75, 1.7667, 1.7833, 1.8, 1.8167, 1.8333, 1.85, 1.8667, 1.8833, 1.9, 1.9167, 1.9333, 1.95, 1.9667, 1.9833, 2.0],
            "transform": [
                [1.0, -0.0, 1e-06, -0.149536, 0.0, 0.985699, 0.168515, -0.491931, -1e-06, -0.168515, 0.985699, 0.353413, 0.0, 0.0, 0.0, 1.0],
                [1.0, -0.0, 1e-06, -0.149536, 0.0, 0.985699, 0.168515, -0.491899, -1e-06, -0.168515, 0.985699, 0.353427, 0.0, 0.0, 0.0, 1.0],
                [1.0, -0.0, 1e-06, -0.149536, 0.0, 0.985699, 0.168515, -0.491676, -1e-06, -0.168515, 0.985699, 0.353468, 0.0, 0.0, 0.0, 1.0],
                [1.0, -0.0, 1e-06, -0.149536, 0.0, 0.985699, 0.168515, -0.491068, -1e-06, -0.168515, 0.985699, 0.353534, 0.0, 0.0, 0.0, 1.0],
                [1.0, -0.0, 1e-06, -0.149536, 0.0, 0.985699, 0.168515, -0.489885, -1e-06, -0.168515, 0.985699, 0.353622, 0.0, 0.0, 0.0, 1.0],
                [1.0, -0.0, 1e-06, -0.149536, 0.0, 0.985699, 0.168515, -0.487935, -1e-06, -0.168515, 0.985699, 0.35373, 0.0, 0.0, 0.0, 1.0],
                [1.0, -0.0, 1e-06, -0.149536, 0.0, 0.985699, 0.168515, -0.485026, -1e-06, -0.168515, 0.985699, 0.353856, 0.0, 0.0, 0.0, 1.0],
                [1.0, -0.0, 1e-06, -0.149536, 0.0, 0.985699, 0.168515, -0.480967, -1e-06, -0.168515, 0.985699, 0.353997, 0.0, 0.0, 0.0, 1.0],
                [1.0, -0.0, 1e-06, -0.149536, 0.0, 0.985699, 0.168515, -0.475564, -1e-06, -0.168515, 0.985699, 0.354151, 0.0, 0.0, 0.0, 1.0],
                [1.0, -0.0, 1e-06, -0.149536, 0.0, 0.985699, 0.168515, -0.468627, -1e-06, -0.168515, 0.985699, 0.354315, 0.0, 0.0, 0.0, 1.0],
                [1.0, -0.0, 1e-06, -0.149536, 0.0, 0.985699, 0.168515, -0.459964, -1e-06, -0.168515, 0.985699, 0.354488, 0.0, 0.0, 0.0, 1.0],
                [1.0, -0.0, 1e-06, -0.149536, 0.0, 0.985699, 0.168515, -0.449383, -1e-06, -0.168515, 0.985699, 0.354666, 0.0, 0.0, 0.0, 1.0],
                [1.0, -0.0, 1e-06, -0.149536, 0.0, 0.985699, 0.168515, -0.436692, -1e-06, -0.168515, 0.985699, 0.354848, 0.0, 0.0, 0.0, 1.0],
                [1.0, -0.0, 1e-06, -0.149536, 0.0, 0.985699, 0.168515, -0.421699, -1e-06, -0.168515, 0.985699, 0.355031, 0.0, 0.0, 0.0, 1.0],
                [1.0, -0.0, 1e-06, -0.149536, 0.0, 0.985699, 0.168515, -0.404213, -1e-06, -0.168515, 0.985699, 0.355213, 0.0, 0.0, 0.0, 1.0],
                [1.0, -0.0, 1e-06, -0.149536, 0.0, 0.985699, 0.168515, -0.384042, -1e-06, -0.168515, 0.985699, 0.355392, 0.0, 0.0, 0.0, 1.0],
                [1.0, -0.0, 1e-06, -0.149536, 0.0, 0.985699, 0.168515, -0.360993, -1e-06, -0.168515, 0.985699, 0.355564, 0.0, 0.0, 0.0, 1.0],
                [1.0, -0.0, 1e-06, -0.149536, 0.0, 0.985699, 0.168515, -0.334876, -1e-06, -0.168515, 0.985699, 0.355729, 0.0, 0.0, 0.0, 1.0],
                [1.0, -0.0, 1e-06, -0.149536, 0.0, 0.985699, 0.168515, -0.305498, -1e-06, -0.168515, 0.985699, 0.355882, 0.0, 0.0, 0.0, 1.0],
                [1.0, -0.0, 1e-06, -0.149536, 0.0, 0.985699, 0.168515, -0.272667, -1e-06, -0.168515, 0.985699, 0.356023, 0.0, 0.0, 0.0, 1.0],
                [1.0, -0.0, 1e-06, -0.149536, 0.0, 0.985699, 0.168515, -0.236193, -1e-06, -0.168515, 0.985699, 0.356149, 0.0, 0.0, 0.0, 1.0],
                [1.0, -0.0, 1e-06, -0.149536, 0.0, 0.985699, 0.168515, -0.195882, -1e-06, -0.168515, 0.985699, 0.356257, 0.0, 0.0, 0.0, 1.0],
                [1.0, -0.0, 1e-06, -0.149536, 0.0, 0.985699, 0.168515, -0.151543, -1e-06, -0.168515, 0.985699, 0.356345, 0.0, 0.0, 0.0, 1.0],
                [1.0, -0.0, 1e-06, -0.149536, 0.0, 0.985699, 0.168515, -0.102985, -1e-06, -0.168515, 0.985699, 0.356411, 0.0, 0.0, 0.0, 1.0],
                [1.0, -0.0, 1e-06, -0.149536, 0.0, 0.985699, 0.168515, -0.050015, -1e-06, -0.168515, 0.985699, 0.356452, 0.0, 0.0, 0.0, 1.0],
                [1.0, -0.0, 1e-06, -0.149536, 0.0, 0.985699, 0.168515, 0.007559, -1e-06, -0.168515, 0.985699, 0.356467, 0.0, 0.0, 0.0, 1.0],
                [1.0, -0.0, 1e-06, -0.149536, 0.0, 0.985699, 0.168515, 0.122236, -1e-06, -0.168515, 0.985699, 0.356467, 0.0, 0.0, 0.0, 1.0],
                [1.0, -0.0, 1e-06, -0.149536, 0.0, 0.985699, 0.168515, 0.30966, -1e-06, -0.168515, 0.985699, 0.356467, 0.0, 0.0, 0.0, 1.0],
                [1.0, -0.0, 1e-06, -0.149536, 0.0, 0.985699, 0.168515, 0.514734, -1e-06, -0.168515, 0.985699, 0.356467, 0.0, 0.0, 0.0, 1.0],
                [1.0, -0.0, 1e-06, -0.149536, 0.0, 0.985699, 0.168515, 0.682362, -1e-06, -0.168515, 0.985699, 0.356467, 0.0, 0.0, 0.0, 1.0],
                [1.0, -0.0, 1e-06, -0.149536, 0.0, 0.985699, 0.168515, 0.757447, -1e-06, -0.168515, 0.985699, 0.356467, 0.0, 0.0, 0.0, 1.0],
                [1.0, -0.0, 1e-06, -0.149536, 0.0, 0.985699, 0.168515, 0.767214, -1e-06, -0.168515, 0.985699, 0.355949, 0.0, 0.0, 0.0, 1.0],
                [1.0, -0.0, 1e-06, -0.149536, 0.0, 0.985699, 0.168515, 0.775681, -1e-06, -0.168515, 0.985699, 0.354461, 0.0, 0.0, 0.0, 1.0],
                [1.0, -0.0, 1e-06, -0.149536, 0.0, 0.985699, 0.168515, 0.78294, -1e-06, -0.168515, 0.985699, 0.352105, 0.0, 0.0, 0.0, 1.0],
                [1.0, -0.0, 1e-06, -0.149536, 0.0, 0.985699, 0.168515, 0.789085, -1e-06, -0.168515, 0.985699, 0.34898, 0.0, 0.0, 0.0, 1.0],
                [1.0, -0.0, 1e-06, -0.149536, 0.0, 0.985699, 0.168515, 0.794209, -1e-06, -0.168515, 0.985699, 0.345186, 0.0, 0.0, 0.0, 1.0],
                [1.0, -0.0, 1e-06, -0.149536, 0.0, 0.985699, 0.168515, 0.798404, -1e-06, -0.168515, 0.985699, 0.340822, 0.0, 0.0, 0.0, 1.0],
                [1.0, -0.0, 1e-06, -0.149536, 0.0, 0.985699, 0.168515, 0.801762, -1e-06, -0.168515, 0.985699, 0.33599, 0.0, 0.0, 0.0, 1.0],
                [1.0, -0.0, 1e-06, -0.149536, 0.0, 0.985699, 0.168515, 0.804378, -1e-06, -0.168515, 0.985699, 0.330788, 0.0, 0.0, 0.0, 1.0],
                [1.0, -0.0, 1e-06, -0.149536, 0.0, 0.985699, 0.168515, 0.806344, -1e-06, -0.168515, 0.985699, 0.325318, 0.0, 0.0, 0.0, 1.0],
                [1.0, -0.0, 1e-06, -0.149536, 0.0, 0.985699, 0.168515, 0.807753, -1e-06, -0.168515, 0.985699, 0.319678, 0.0, 0.0, 0.0, 1.0],
                [1.0, -0.0, 1e-06, -0.149536, 0.0, 0.985699, 0.168515, 0.808697, -1e-06, -0.168515, 0.985699, 0.31397, 0.0, 0.0, 0.0, 1.0],
                [1.0, -0.0, 1e-06, -0.149536, 0.0, 0.985699, 0.168515, 0.809269, -1e-06, -0.168515, 0.985699, 0.308293, 0.0, 0.0, 0.0, 1.0],
                [1.0, -0.0, 1e-06, -0.149536, 0.0, 0.985699, 0.168515, 0.809564, -1e-06, -0.168515, 0.985699, 0.302747, 0.0, 0.0, 0.0, 1.0],
                [1.0, -0.0, 1e-06, -0.149536, 0.0, 0.985699, 0.168515, 0.809672, -1e-06, -0.168515, 0.985699, 0.297432, 0.0, 0.0, 0.0, 1.0],
                [1.0, -0.0, 1e-06, -0.149536, 0.0, 0.985699, 0.168515, 0.809687, -1e-06, -0.168515, 0.985699, 0.292448, 0.0, 0.0, 0.0, 1.0],
                [1.0, -0.0, 1e-06, -0.149594, 0.0, 0.985714, 0.168426, 0.809634, -1e-06, -0.168426, 0.985714, 0.287727, 0.0, 0.0, 0.0, 1.0],
                [1.0, -0.0, 1e-06, -0.149766, 0.0, 0.985759, 0.168165, 0.809475, -1e-06, -0.168165, 0.985759, 0.283131, 0.0, 0.0, 0.0, 1.0],
                [1.0, -0.0, 1e-06, -0.150049, 0.0, 0.985832, 0.167736, 0.809214, -1e-06, -0.167736, 0.985832, 0.27866, 0.0, 0.0, 0.0, 1.0],
                [1.0, -0.0, 1e-06, -0.15044, 0.0, 0.985933, 0.167142, 0.808853, -1e-06, -0.167142, 0.985933, 0.274311, 0.0, 0.0, 0.0, 1.0],
                [1.0, -0.0, 1e-06, -0.150935, 0.0, 0.98606, 0.16639, 0.808395, -1e-06, -0.16639, 0.98606, 0.270083, 0.0, 0.0, 0.0, 1.0],
                [1.0, -0.0, 1e-06, -0.151531, 0.0, 0.986213, 0.165484, 0.807844, -1e-06, -0.165484, 0.986213, 0.265975, 0.0, 0.0, 0.0, 1.0],
                [1.0, -0.0, 1e-06, -0.152226, 0.0, 0.986389, 0.164427, 0.807202, -1e-06, -0.164427, 0.986389, 0.261983, 0.0, 0.0, 0.0, 1.0],
                [1.0, -0.0, 1e-06, -0.153016, 0.0, 0.986589, 0.163226, 0.806472, -1e-06, -0.163226, 0.986589, 0.258107, 0.0, 0.0, 0.0, 1.0],
                [1.0, -0.0, 1e-06, -0.153898, 0.0, 0.98681, 0.161885, 0.805657, -1e-06, -0.161885, 0.98681, 0.254346, 0.0, 0.0, 0.0, 1.0],
                [1.0, -0.0, 1e-06, -0.154869, 0.0, 0.987051, 0.160407, 0.80476, -1e-06, -0.160407, 0.987051, 0.250696, 0.0, 0.0, 0.0, 1.0],
                [1.0, -0.0, 1e-06, -0.155926, 0.0, 0.987311, 0.158799, 0.803783, -1e-06, -0.158799, 0.987311, 0.247157, 0.0, 0.0, 0.0, 1.0],
                [1.0, -0.0, 1e-06, -0.157066, 0.0, 0.987588, 0.157064, 0.80273, -1e-06, -0.157064, 0.987588, 0.243727, 0.0, 0.0, 0.0, 1.0],
                [1.0, -0.0, 1e-06, -0.158285, 0.0, 0.987882, 0.155207, 0.801604, -1e-06, -0.155207, 0.987882, 0.240404, 0.0, 0.0, 0.0, 1.0],
                [1.0, -0.0, 1e-06, -0.159581, 0.0, 0.98819, 0.153233, 0.800406, -1e-06, -0.153233, 0.98819, 0.237187, 0.0, 0.0, 0.0, 1.0],
                [1.0, -0.0, 1e-06, -0.16095, 0.0, 0.988511, 0.151146, 0.799141, -1e-06, -0.151146, 0.988511, 0.234073, 0.0, 0.0, 0.0, 1.0],
                [1.0, -0.0, 1e-06, -0.162389, 0.0, 0.988844, 0.148952, 0.797811, -1e-06, -0.148952, 0.988844, 0.231062, 0.0, 0.0, 0.0, 1.0],
                [1.0, -0.0, 1e-06, -0.163895, 0.0, 0.989188, 0.146654, 0.796419, -1e-06, -0.146654, 0.989188, 0.22815, 0.0, 0.0, 0.0, 1.0],
                [1.0, -0.0, 1e-06, -0.165466, 0.0, 0.98954, 0.144258, 0.794968, -1e-06, -0.144258, 0.98954, 0.225338, 0.0, 0.0, 0.0, 1.0],
                [1.0, -0.0, 1e-06, -0.167097, 0.0, 0.9899, 0.141767, 0.793461, -1e-06, -0.141767, 0.9899, 0.222622, 0.0, 0.0, 0.0, 1.0],
                [1.0, -0.0, 1e-06, -0.168786, 0.0, 0.990266, 0.139188, 0.7919, -1e-06, -0.139188, 0.990266, 0.220002, 0.0, 0.0, 0.0, 1.0],
                [1.0, -0.0, 1e-06, -0.17053, 0.0, 0.990637, 0.136523, 0.790289, -1e-06, -0.136523, 0.990637, 0.217476, 0.0, 0.0, 0.0, 1.0],
                [1.0, -0.0, 1e-06, -0.172325, 0.0, 0.991011, 0.133779, 0.78863, -1e-06, -0.133779, 0.991011, 0.215041, 0.0, 0.0, 0.0, 1.0],
                [1.0, -0.0, 1e-06, -0.174168, 0.0, 0.991388, 0.13096, 0.786927, -1e-06, -0.13096, 0.991388, 0.212696, 0.0, 0.0, 0.0, 1.0],
                [1.0, -0.0, 1e-06, -0.176057, 0.0, 0.991765, 0.12807, 0.785181, -1e-06, -0.12807, 0.991765, 0.21044, 0.0, 0.0, 0.0, 1.0],
                [1.0, -0.0, 1e-06, -0.177988, 0.0, 0.992142, 0.125114, 0.783397, -1e-06, -0.125114, 0.992142, 0.208271, 0.0, 0.0, 0.0, 1.0],
                [1.0, -0.0, 1e-06, -0.179958, 0.0, 0.992518, 0.122097, 0.781577, -1e-06, -0.122097, 0.992518, 0.206186, 0.0, 0.0, 0.0, 1.0],
                [1.0, -0.0, 1e-06, -0.181964, 0.0, 0.992891, 0.119024, 0.779723, -1e-06, -0.119024, 0.992891, 0.204185, 0.0, 0.0, 0.0, 1.0],
                [1.0, -0.0, 1e-06, -0.184003, 0.0, 0.993261, 0.115899, 0.77784, -1e-06, -0.115899, 0.993261, 0.202266, 0.0, 0.0, 0.0, 1.0],
                [1.0, -0.0, 1e-06, -0.186071, 0.0, 0.993626, 0.112728, 0.775929, -1e-06, -0.112728, 0.993626, 0.200427, 0.0, 0.0, 0.0, 1.0],
                [1.0, -0.0, 1e-06, -0.188166, 0.0, 0.993985, 0.109515, 0.773993, -1e-06, -0.109515, 0.993985, 0.198665, 0.0, 0.0, 0.0, 1.0],
                [1.0, -0.0, 1e-06, -0.190284, 0.0, 0.994338, 0.106264, 0.772036, -1e-06, -0.106264, 0.994338, 0.196981, 0.0, 0.0, 0.0, 1.0],
                [1.0, -0.0, 1e-06, -0.192423, 0.0, 0.994683, 0.102981, 0.770059, -1e-06, -0.102981, 0.994683, 0.195371, 0.0, 0.0, 0.0, 1.0],
                [1.0, -0.0, 1e-06, -0.194578, 0.0, 0.99502, 0.09967, 0.768068, -1e-06, -0.09967, 0.99502, 0.193835, 0.0, 0.0, 0.0, 1.0],
                [1.0, -0.0, 1e-06, -0.196748, 0.0, 0.995349, 0.096337, 0.766063, -1e-06, -0.096337, 0.995349, 0.19237, 0.0, 0.0, 0.0, 1.0],
                [1.0, -0.0, 1e-06, -0.198929, 0.0, 0.995667, 0.092985, 0.764048, -1e-06, -0.092985, 0.995667, 0.190974, 0.0, 0.0, 0.0, 1.0],
                [1.0, -0.0, 1e-06, -0.201117, 0.0, 0.995976, 0.089621, 0.762025, -1e-06, -0.089621, 0.995976, 0.189647, 0.0, 0.0, 0.0, 1.0],
                [1.0, -0.0, 1e-06, -0.20331, 0.0, 0.996274, 0.086248, 0.759999, -1e-06, -0.086248, 0.996274, 0.188386, 0.0, 0.0, 0.0, 1.0],
                [1.0, -0.0, 1e-06, -0.205505, 0.0, 0.99656, 0.082872, 0.757971, -1e-06, -0.082872, 0.99656, 0.18719, 0.0, 0.0, 0.0, 1.0],
                [1.0, -0.0, 1e-06, -0.207698, 0.0, 0.996835, 0.079497, 0.755944, -1e-06, -0.079497, 0.996835, 0.186057, 0.0, 0.0, 0.0, 1.0],
                [1.0, -0.0, 1e-06, -0.209887, 0.0, 0.997098, 0.076129, 0.753922, -1e-06, -0.076129, 0.997098, 0.184984, 0.0, 0.0, 0.0, 1.0],
                [1.0, -0.0, 1e-06, -0.212068, 0.0, 0.997349, 0.072772, 0.751907, -1e-06, -0.072772, 0.997349, 0.183972, 0.0, 0.0, 0.0, 1.0],
                [1.0, -0.0, 1e-06, -0.214237, 0.0, 0.997587, 0.069431, 0.749902, -1e-06, -0.069431, 0.997587, 0.183017, 0.0, 0.0, 0.0, 1.0],
                [1.0, -0.0, 1e-06, -0.216393, 0.0, 0.997812, 0.066111, 0.74791, -1e-06, -0.066111, 0.997812, 0.182119, 0.0, 0.0, 0.0, 1.0],
                [1.0, -0.0, 1e-06, -0.218532, 0.0, 0.998025, 0.062816, 0.745934, -1e-06, -0.062816, 0.998025, 0.181275, 0.0, 0.0, 0.0, 1.0],
                [1.0, -0.0, 1e-06, -0.22065, 0.0, 0.998225, 0.059553, 0.743977, -1e-06, -0.059553, 0.998225, 0.180483, 0.0, 0.0, 0.0, 1.0],
                [1.0, -0.0, 1e-06, -0.222745, 0.0, 0.998412, 0.056325, 0.742041, -1e-06, -0.056325, 0.998412, 0.179743, 0.0, 0.0, 0.0, 1.0],
                [1.0, -0.0, 1e-06, -0.224813, 0.0, 0.998587, 0.053137, 0.74013, -1e-06, -0.053137, 0.998587, 0.179052, 0.0, 0.0, 0.0, 1.0],
                [1.0, -0.0, 1e-06, -0.226852, 0.0, 0.998749, 0.049995, 0.738246, -1e-06, -0.049995, 0.998749, 0.178408, 0.0, 0.0, 0.0, 1.0],
                [1.0, -0.0, 1e-06, -0.228857, 0.0, 0.998899, 0.046903, 0.736393, -1e-06, -0.046903, 0.998899, 0.177811, 0.0, 0.0, 0.0, 1.0],
                [1.0, -0.0, 1e-06, -0.230827, 0.0, 0.999037, 0.043866, 0.734573, -1e-06, -0.043866, 0.999037, 0.177258, 0.0, 0.0, 0.0, 1.0],
                [1.0, -0.0, 1e-06, -0.232758, 0.0, 0.999164, 0.040889, 0.732788, -1e-06, -0.040889, 0.999164, 0.176747, 0.0, 0.0, 0.0, 1.0],
                [1.0, -0.0, 1e-06, -0.234647, 0.0, 0.999279, 0.037976, 0.731043, -1e-06, -0.037976, 0.999279, 0.176277, 0.0, 0.0, 0.0, 1.0],
                [1.0, -0.0, 1e-06, -0.236491, 0.0, 0.999383, 0.035134, 0.72934, -1e-06, -0.035134, 0.999383, 0.175847, 0.0, 0.0, 0.0, 1.0],
                [1.0, -0.0, 1e-06, -0.238286, 0.0, 0.999476, 0.032366, 0.727681, -1e-06, -0.032366, 0.999476, 0.175453, 0.0, 0.0, 0.0, 1.0],
                [1.0, -0.0, 1e-06, -0.240029, 0.0, 0.999559, 0.029677, 0.72607, -1e-06, -0.029677, 0.999559, 0.175096, 0.0, 0.0, 0.0, 1.0],
                [1.0, -0.0, 1e-06, -0.241719, 0.0, 0.999633, 0.027073, 0.724509, -1e-06, -0.027073, 0.999633, 0.174772, 0.0, 0.0, 0.0, 1.0],
                [1.0, -0.0, 1e-06, -0.24335, 0.0, 0.999698, 0.024557, 0.723002, -1e-06, -0.024557, 0.999698, 0.174481, 0.0, 0.0, 0.0, 1.0],
                [1.0, -0.0, 1e-06, -0.24492, 0.0, 0.999755, 0.022136, 0.721551, -1e-06, -0.022136, 0.999755, 0.174221, 0.0, 0.0, 0.0, 1.0],
                [1.0, -0.0, 1e-06, -0.246427, 0.0, 0.999804, 0.019813, 0.720159, -1e-06, -0.019813, 0.999804, 0.173989, 0.0, 0.0, 0.0, 1.0],
                [1.0, -0.0, 1e-06, -0.247866, 0.0, 0.999845, 0.017594, 0.718829, -1e-06, -0.017594, 0.999845, 0.173784, 0.0, 0.0, 0.0, 1.0],
                [1.0, -0.0, 1e-06, -0.249235, 0.0, 0.99988, 0.015483, 0.717564, -1e-06, -0.015483, 0.99988, 0.173606, 0.0, 0.0, 0.0, 1.0],
                [1.0, -0.0, 1e-06, -0.250531, 0.0, 0.999909, 0.013485, 0.716366, -1e-06, -0.013485, 0.999909, 0.17345, 0.0, 0.0, 0.0, 1.0],
                [1.0, -0.0, 1e-06, -0.25175, 0.0, 0.999933, 0.011605, 0.71524, -1e-06, -0.011605, 0.999933, 0.173317, 0.0, 0.0, 0.0, 1.0],
                [1.0, -0.0, 1e-06, -0.25289, 0.0, 0.999951, 0.009849, 0.714187, -1e-06, -0.009849, 0.999951, 0.173205, 0.0, 0.0, 0.0, 1.0],
                [1.0, -0.0, 1e-06, -0.253946, 0.0, 0.999966, 0.008219, 0.71321, -1e-06, -0.008219, 0.999966, 0.173111, 0.0, 0.0, 0.0, 1.0],
                [1.0, -0.0, 1e-06, -0.254918, 0.0, 0.999977, 0.006722, 0.712313, -1e-06, -0.006722, 0.999977, 0.173034, 0.0, 0.0, 0.0, 1.0],
                [1.0, -0.0, 1e-06, -0.2558, 0.0, 0.999986, 0.005363, 0.711498, -1e-06, -0.005363, 0.999986, 0.172973, 0.0, 0.0, 0.0, 1.0],
                [1.0, -0.0, 1e-06, -0.25659, 0.0, 0.999991, 0.004145, 0.710768, -1e-06, -0.004145, 0.999991, 0.172925, 0.0, 0.0, 0.0, 1.0],
                [1.0, -0.0, 1e-06, -0.257285, 0.0, 0.999995, 0.003074, 0.710126, -1e-06, -0.003074, 0.999995, 0.172889, 0.0, 0.0, 0.0, 1.0],
                [1.0, -0.0, 1e-06, -0.257881, 0.0, 0.999998, 0.002155, 0.709575, -1e-06, -0.002155, 0.999998, 0.172863, 0.0, 0.0, 0.0, 1.0],
                [1.0, -0.0, 1e-06, -0.258376, 0.0, 0.999999, 0.001392, 0.709117, -1e-06, -0.001392, 0.999999, 0.172846, 0.0, 0.0, 0.0, 1.0],
                [1.0, -0.0, 1e-06, -0.258767, 0.0, 1.0, 0.00079, 0.708756, -1e-06, -0.00079, 1.0, 0.172835, 0.0, 0.0, 0.0, 1.0],
                [1.0, -0.0, 1e-06, -0.259049, 0.0, 1.0, 0.000354, 0.708495, -1e-06, -0.000354, 1.0, 0.17283, 0.0, 0.0, 0.0, 1.0],
                [1.0, -0.0, 1e-06, -0.259221, 0.0, 1.0, 8.9e-05, 0.708336, -1e-06, -8.9e-05, 1.0, 0.172828, 0.0, 0.0, 0.0, 1.0],
                [1.0, 0.0, 1e-06, -0.259279, 0.0, 1.0, 0.0, 0.708283, -1e-06, 0.0, 1.0, 0.172827, 0.0, 0.0, 0.0, 1.0]
            ]
        },
        {
            "name": "Leg_ik_R",
            "time": [0.0, 0.0167, 0.0333, 0.05, 0.0667, 0.0833, 0.1, 0.1167, 0.1333, 0.15, 0.1667, 0.1833, 0.2, 0.2167, 0.2333, 0.25, 0.2667, 0.2833, 0.3, 0.3167, 0.3333, 0.35, 0.3667, 0.3833, 0.4, 0.4167, 0.4333, 0.45, 0.4667, 0.4833, 0.5, 0.5167, 0.5333, 0.55, 0.5667, 0.5833, 0.6, 0.6167, 0.6333, 0.65, 0.6667, 0.6833, 0.7, 0.7167, 0.7333, 0.75, 0.7667, 0.7833, 0.8, 0.8167, 0.8333, 0.85, 0.8667, 0.8833, 0.9, 0.9167, 0.9333, 0.95, 0.9667, 0.9833, 1.0, 1.0167, 1.0333, 1.05, 1.0667, 1.0833, 1.1, 1.1167, 1.1333, 1.15, 1.1667, 1.1833, 1.2, 1.2167, 1.2333, 1.25, 1.2667, 1.2833, 1.3, 1.3167, 1.3333, 1.35, 1.3667, 1.3833, 1.4, 1.4167, 1.4333, 1.45, 1.4667, 1.4833, 1.5, 1.5167, 1.5333, 1.55, 1.5667, 1.5833, 1.6, 1.6167, 1.6333, 1.65, 1.6667, 1.6833, 1.7, 1.7167, 1.7333, 1.75, 1.7667, 1.7833, 1.8, 1.8167, 1.8333, 1.85, 1.8667, 1.8833, 1.9, 1.9167, 1.9333, 1.95, 1.9667, 1.9833, 2.0],
            "transform": [
                [1.0, 0.0, -1e-06, 0.145779, 0.0, 0.985699, 0.168515, -0.323156, 1e-06, -0.168515, 0.985699, 0.375238, 0.0, 0.0, 0.0, 1.0],
                [1.0, 0.0, -1e-06, 0.145779, 0.0, 0.985699, 0.168515, -0.320027, 1e-06, -0.168515, 0.985699, 0.375238, 0.0, 0.0, 0.0, 1.0],
                [1.0, 0.0, -1e-06, 0.145779, 0.0, 0.985699, 0.168515, -0.310979, 1e-06, -0.168515, 0.985699, 0.375238, 0.0, 0.0, 0.0, 1.0],
                [1.0, 0.0, -1e-06, 0.145779, 0.0, 0.985699, 0.168515, -0.296519, 1e-06, -0.168515, 0.985699, 0.375238, 0.0, 0.0, 0.0, 1.0],
                [1.0, 0.0, -1e-06, 0.145779, 0.0, 0.985699, 0.168515, -0.277153, 1e-06, -0.168515, 0.985699, 0.375238, 0.0, 0.0, 0.0, 1.0],
                [1.0, 0.0, -1e-06, 0.145779, 0.0, 0.985699, 0.168515, -0.253389, 1e-06, -0.168515, 0.985699, 0.375238, 0.0, 0.0, 0.0, 1.0],
                [1.0, 0.0, -1e-06, 0.145779, 0.0, 0.985699, 0.168515, -0.225733, 1e-06, -0.168515, 0.985699, 0.375238, 0.0, 0.0, 0.0, 1.0],
                [1.0, 0.0, -1e-06, 0.145779, 0.0, 0.985699, 0.168515, -0.194694, 1e-06, -0.168515, 0.985699, 0.375238, 0.0, 0.0, 0.0, 1.0],
                [1.0, 0.0, -1e-06, 0.145779, 0.0, 0.985699, 0.168515, -0.160777, 1e-06, -0.168515, 0.985699, 0.375238, 0.0, 0.0, 0.0, 1.0],
                [1.0, 0.0, -1e-06, 0.145779, 0.0, 0.985699, 0.168515, -0.12449, 1e-06, -0.168515, 0.985699, 0.375238, 0.0, 0.0, 0.0, 1.0],
                [1.0, 0.0, -1e-06, 0.145779, 0.0, 0.985699, 0.168515, -0.08634, 1e-06, -0.168515, 0.985699, 0.375238, 0.0, 0.0, 0.0, 1.0],
                [1.0, 0.0, -1e-06, 0.145779, 0.0, 0.985699, 0.168515, -0.046834, 1e-06, -0.168515, 0.985699, 0.375238, 0.0, 0.0, 0.0, 1.0],
                [1.0, 0.0, -1e-06, 0.145779, 0.0, 0.985699, 0.168515, -0.006479, 1e-06, -0.168515, 0.985699, 0.375238, 0.0, 0.0, 0.0, 1.0],
                [1.0, 0.0, -1e-06, 0.145779, 0.0, 0.985699, 0.168515, 0.034219, 1e-06, -0.168515, 0.985699, 0.375238, 0.0, 0.0, 0.0, 1.0],
                [1.0, 0.0, -1e-06, 0.145779, 0.0, 0.985699, 0.168515, 0.074751, 1e-06, -0.168515, 0.985699, 0.375238, 0.0, 0.0, 0.0, 1.0],
                [1.0, 0.0, -1e-06, 0.145779, 0.0, 0.985699, 0.168515, 0.114611, 1e-06, -0.168515, 0.985699, 0.375238, 0.0, 0.0, 0.0, 1.0],
                [1.0, 0.0, -1e-06, 0.145779, 0.0, 0.985699, 0.168515, 0.153292, 1e-06, -0.168515, 0.985699, 0.375238, 0.0, 0.0, 0.0, 1.0],
                [1.0, 0.0, -1e-06, 0.145779, 0.0, 0.985699, 0.168515, 0.190287, 1e-06, -0.168515, 0.985699, 0.375238, 0.0, 0.0, 0.0, 1.0],
                [1.0, 0.0, -1e-06, 0.145779, 0.0, 0.985699, 0.168515, 0.225089, 1e-06, -0.168515, 0.985699, 0.375238, 0.0, 0.0, 0.0, 1.0],
                [1.0, 0.0, -1e-06, 0.145779, 0.0, 0.985699, 0.168515, 0.25719, 1e-06, -0.168515, 0.985699, 0.375238, 0.0, 0.0, 0.0, 1.0],
                [1.0, 0.0, -1e-06, 0.145779, 0.0, 0.985699, 0.168515, 0.286085, 1e-06, -0.168515, 0.985699, 0.375238, 0.0, 0.0, 0.0, 1.0],
                [1.0, 0.0, -1e-06, 0.145779, 0.0, 0.985699, 0.168515, 0.311265, 1e-06, -0.168515, 0.985699, 0.375238, 0.0, 0.0, 0.0, 1.0],
                [1.0, 0.0, -1e-06, 0.145779, 0.0, 0.985699, 0.168515, 0.332223, 1e-06, -0.168515, 0.985699, 0.375238, 0.0, 0.0, 0.0, 1.0],
                [1.0, 0.0, -1e-06, 0.145779, 0.0, 0.985699, 0.168515, 0.348454, 1e-06, -0.168515, 0.985699, 0.375238, 0.0, 0.0, 0.0, 1.0],
                [1.0, 0.0, -1e-06, 0.145779, 0.0, 0.985699, 0.168515, 0.359449, 1e-06, -0.168515, 0.985699, 0.375238, 0.0, 0.0, 0.0, 1.0],
                [1.0, 0.0, -1e-06, 0.145779, 0.0, 0.985699, 0.168515, 0.364701, 1e-06, -0.168515, 0.985699, 0.375238, 0.0, 0.0, 0.0, 1.0],
                [1.0, 0.0, -1e-06, 0.145779, 0.0, 0.985699, 0.168515, 0.366735, 1e-06, -0.168515, 0.985699, 0.374794, 0.0, 0.0, 0.0, 1.0],
                [1.0, 0.0, -1e-06, 0.145779, 0.0, 0.985699, 0.168515, 0.368432, 1e-06, -0.168515, 0.985699, 0.373509, 0.0, 0.0, 0.0, 1.0],
                [1.0, 0.0, -1e-06, 0.145779, 0.0, 0.985699, 0.168515, 0.369827, 1e-06, -0.168515, 0.985699, 0.371452, 0.0, 0.0, 0.0, 1.0],
                [1.0, 0.0, -1e-06, 0.145779, 0.0, 0.985699, 0.168515, 0.370953, 1e-06, -0.168515, 0.985699, 0.368692, 0.0, 0.0, 0.0, 1.0],
                [1.0, 0.0, -1e-06, 0.145779, 0.0, 0.985699, 0.168515, 0.371843, 1e-06, -0.168515, 0.985699, 0.365299, 0.0, 0.0, 0.0, 1.0],
                [1.0, 0.0, -1e-06, 0.145779, 0.0, 0.985699, 0.168515, 0.37253, 1e-06, -0.168515, 0.985699, 0.361342, 0.0, 0.0, 0.0, 1.0],
                [1.0, 0.0, -1e-06, 0.145779, 0.0, 0.985699, 0.168515, 0.373047, 1e-06, -0.168515, 0.985699, 0.356892, 0.0, 0.0, 0.0, 1.0],
                [1.0, 0.0, -1e-06, 0.145779, 0.0, 0.985699, 0.168515, 0.373428, 1e-06, -0.168515, 0.985699, 0.352017, 0.0, 0.0, 0.0, 1.0],
                [1.0, 0.0, -1e-06, 0.145779, 0.0, 0.985699, 0.168515, 0.373706, 1e-06, -0.168515, 0.985699, 0.346786, 0.0, 0.0, 0.0, 1.0],
                [1.0, 0.0, -1e-06, 0.145779, 0.0, 0.985699, 0.168515, 0.373914, 1e-06, -0.168515, 0.985699, 0.34127, 0.0, 0.0, 0.0, 1.0],
                [1.0, 0.0, -1e-06, 0.145779, 0.0, 0.985699, 0.168515, 0.374084, 1e-06, -0.168515, 0.985699, 0.335538, 0.0, 0.0, 0.0, 1.0],
                [1.0, 0.0, -1e-06, 0.145779, 0.0, 0.985699, 0.168515, 0.374252, 1e-06, -0.168515, 0.985699, 0.329659, 0.0, 0.0, 0.0, 1.0],
                [1.0, 0.0, -1e-06, 0.145779, 0.0, 0.985699, 0.168515, 0.374449, 1e-06, -0.168515, 0.985699, 0.323702, 0.0, 0.0, 0.0, 1.0],
                [1.0, 0.0, -1e-06, 0.145779, 0.0, 0.985699, 0.168515, 0.374709, 1e-06, -0.168515, 0.985699, 0.317738, 0.0, 0.0, 0.0, 1.0],
                [1.0, 0.0, -1e-06, 0.145779, 0.0, 0.985699, 0.168515, 0.375065, 1e-06, -0.168515, 0.985699, 0.311835, 0.0, 0.0, 0.0, 1.0],
                [1.0, 0.0, -1e-06, 0.145779, 0.0, 0.985699, 0.168515, 0.375551, 1e-06, -0.168515, 0.985699, 0.306063, 0.0, 0.0, 0.0, 1.0],
                [1.0, 0.0, -1e-06, 0.145779, 0.0, 0.985699, 0.168515, 0.376199, 1e-06, -0.168515, 0.985699, 0.300492, 0.0, 0.0, 0.0, 1.0],
                [1.0, 0.0, -1e-06, 0.145779, 0.0, 0.985699, 0.168515, 0.377042, 1e-06, -0.168515, 0.985699, 0.295191, 0.0, 0.0, 0.0, 1.0],
                [1.0, 0.0, -1e-06, 0.145779, 0.0, 0.985699, 0.168515, 0.378115, 1e-06, -0.168515, 0.985699, 0.290229, 0.0, 0.0, 0.0, 1.0],
                [1.0, 0.0, -1e-06, 0.145779, 0.0, 0.985699, 0.168515, 0.37945, 1e-06, -0.168515, 0.985699, 0.285676, 0.0, 0.0, 0.0, 1.0],
                [1.0, 0.0, -1e-06, 0.145822, 0.0, 0.985714, 0.168426, 0.381074, 1e-06, -0.168426, 0.985714, 0.281408, 0.0, 0.0, 0.0, 1.0],
                [1.0, 0.0, -1e-06, 0.145948, 0.0, 0.985759, 0.168165, 0.382984, 1e-06, -0.168165, 0.985759, 0.277254, 0.0, 0.0, 0.0, 1.0],
                [1.0, 0.0, -1e-06, 0.146156, 0.0, 0.985832, 0.167736, 0.385173, 1e-06, -0.167736, 0.985832, 0.273212, 0.0, 0.0, 0.0, 1.0],
                [1.0, 0.0, -1e-06, 0.146444, 0.0, 0.985933, 0.167142, 0.387633, 1e-06, -0.167142, 0.985933, 0.269281, 0.0, 0.0, 0.0, 1.0],
                [1.0, 0.0, -1e-06, 0.146808, 0.0, 0.98606, 0.16639, 0.390354, 1e-06, -0.16639, 0.98606, 0.26546, 0.0, 0.0, 0.0, 1.0],
                [1.0, 0.0, -1e-06, 0.147247, 0.0, 0.986213, 0.165484, 0.393329, 1e-06, -0.165484, 0.986213, 0.261745, 0.0, 0.0, 0.0, 1.0],
                [1.0, 0.0, -1e-06, 0.147758, 0.0, 0.986389, 0.164427, 0.396549, 1e-06, -0.164427, 0.986389, 0.258137, 0.0, 0.0, 0.0, 1.0],
                [1.0, 0.0, -1e-06, 0.14834, 0.0, 0.986589, 0.163226, 0.400005, 1e-06, -0.163226, 0.986589, 0.254634, 0.0, 0.0, 0.0, 1.0],
                [1.0, 0.0, -1e-06, 0.148989, 0.0, 0.98681, 0.161885, 0.403689, 1e-06, -0.161885, 0.98681, 0.251233, 0.0, 0.0, 0.0, 1.0],
                [1.0, 0.0, -1e-06, 0.149703, 0.0, 0.987051, 0.160407, 0.407594, 1e-06, -0.160407, 0.987051, 0.247934, 0.0, 0.0, 0.0, 1.0],
                [1.0, 0.0, -1e-06, 0.150481, 0.0, 0.987311, 0.158799, 0.41171, 1e-06, -0.158799, 0.987311, 0.244735, 0.0, 0.0, 0.0, 1.0],
                [1.0, 0.0, -1e-06, 0.15132, 0.0, 0.987588, 0.157064, 0.416028, 1e-06, -0.157064, 0.987588, 0.241635, 0.0, 0.0, 0.0, 1.0],
                [1.0, 0.0, -1e-06, 0.152217, 0.0, 0.987882, 0.155207, 0.420542, 1e-06, -0.155207, 0.987882, 0.238631, 0.0, 0.0, 0.0, 1.0],
                [1.0, 0.0, -1e-06, 0.153171, 0.0, 0.98819, 0.153233, 0.425241, 1e-06, -0.153233, 0.98819, 0.235723, 0.0, 0.0, 0.0, 1.0],
                [1.0, 0.0, -1e-06, 0.154178, 0.0, 0.988511, 0.151146, 0.430119, 1e-06, -0.151146, 0.988511, 0.232908, 0.0, 0.0, 0.0, 1.0],
                [1.0, 0.0, -1e-06, 0.155237, 0.0, 0.988844, 0.148952, 0.435165, 1e-06, -0.148952, 0.988844, 0.230186, 0.0, 0.0, 0.0, 1.0],
                [1.0, 0.0, -1e-06, 0.156346, 0.0, 0.989188, 0.146654, 0.440373, 1e-06, -0.146654, 0.989188, 0.227554, 0.0, 0.0, 0.0, 1.0],
                [1.0, 0.0, -1e-06, 0.157501, 0.0, 0.98954, 0.144258, 0.445733, 1e-06, -0.144258, 0.98954, 0.225012, 0.0, 0.0, 0.0, 1.0],
                [1.0, 0.0, -1e-06, 0.158702, 0.0, 0.9899, 0.141767, 0.451238, 1e-06, -0.141767, 0.9899, 0.222557, 0.0, 0.0, 0.0, 1.0],
                [1.0, 0.0, -1e-06, 0.159945, 0.0, 0.990266, 0.139188, 0.456878, 1e-06, -0.139188, 0.990266, 0.220189, 0.0, 0.0, 0.0, 1.0],
                [1.0, 0.0, -1e-06, 0.161228, 0.0, 0.990637, 0.136523, 0.462646, 1e-06, -0.136523, 0.990637, 0.217905, 0.0, 0.0, 0.0, 1.0],
                [1.0, 0.0, -1e-06, 0.162549, 0.0, 0.991011, 0.133779, 0.468532, 1e-06, -0.133779, 0.991011, 0.215704, 0.0, 0.0, 0.0, 1.0],
                [1.0, 0.0, -1e-06, 0.163906, 0.0, 0.991388, 0.13096, 0.474529, 1e-06, -0.13096, 0.991388, 0.213584, 0.0, 0.0, 0.0, 1.0],
                [1.0, 0.0, -1e-06, 0.165296, 0.0, 0.991765, 0.12807, 0.480629, 1e-06, -0.12807, 0.991765, 0.211545, 0.0, 0.0, 0.0, 1.0],
                [1.0, 0.0, -1e-06, 0.166717, 0.0, 0.992142, 0.125114, 0.486822, 1e-06, -0.125114, 0.992142, 0.209584, 0.0, 0.0, 0.0, 1.0],
                [1.0, 0.0, -1e-06, 0.168166, 0.0, 0.992518, 0.122097, 0.4931, 1e-06, -0.122097, 0.992518, 0.2077, 0.0, 0.0, 0.0, 1.0],
                [1.0, 0.0, -1e-06, 0.169642, 0.0, 0.992891, 0.119024, 0.499455, 1e-06, -0.119024, 0.992891, 0.205891, 0.0, 0.0, 0.0, 1.0],
                [1.0, 0.0, -1e-06, 0.171143, 0.0, 0.993261, 0.115899, 0.505879, 1e-06, -0.115899, 0.993261, 0.204156, 0.0, 0.0, 0.0, 1.0],
                [1.0, 0.0, -1e-06, 0.172665, 0.0, 0.993626, 0.112728, 0.512363, 1e-06, -0.112728, 0.993626, 0.202493, 0.0, 0.0, 0.0, 1.0],
                [1.0, 0.0, -1e-06, 0.174206, 0.0, 0.993985, 0.109515, 0.518899, 1e-06, -0.109515, 0.993985, 0.200901, 0.0, 0.0, 0.0, 1.0],
                [1.0, 0.0, -1e-06, 0.175765, 0.0, 0.994338, 0.106264, 0.525478, 1e-06, -0.106264, 0.994338, 0.199378, 0.0, 0.0, 0.0, 1.0],
                [1.0, 0.0, -1e-06, 0.177339, 0.0, 0.994683, 0.102981, 0.532092, 1e-06, -0.102981, 0.994683, 0.197923, 0.0, 0.0, 0.0, 1.0],
                [1.0, 0.0, -1e-06, 0.178925, 0.0, 0.99502, 0.09967, 0.538733, 1e-06, -0.09967, 0.99502, 0.196534, 0.0, 0.0, 0.0, 1.0],
                [1.0, 0.0, -1e-06, 0.180522, 0.0, 0.995349, 0.096337, 0.545391, 1e-06, -0.096337, 0.995349, 0.19521, 0.0, 0.0, 0.0, 1.0],
                [1.0, 0.0, -1e-06, 0.182127, 0.0, 0.995667, 0.092985, 0.55206, 1e-06, -0.092985, 0.995667, 0.193949, 0.0, 0.0, 0.0, 1.0],
                [1.0, 0.0, -1e-06, 0.183737, 0.0, 0.995976, 0.089621, 0.558729, 1e-06, -0.089621, 0.995976, 0.192749, 0.0, 0.0, 0.0, 1.0],
                [1.0, 0.0, -1e-06, 0.185351, 0.0, 0.996274, 0.086248, 0.565392, 1e-06, -0.086248, 0.996274, 0.191609, 0.0, 0.0, 0.0, 1.0],
                [1.0, 0.0, -1e-06, 0.186966, 0.0, 0.99656, 0.082872, 0.572039, 1e-06, -0.082872, 0.99656, 0.190528, 0.0, 0.0, 0.0, 1.0],
                [1.0, 0.0, -1e-06, 0.18858, 0.0, 0.996835, 0.079497, 0.578662, 1e-06, -0.079497, 0.996835, 0.189503, 0.0, 0.0, 0.0, 1.0],
                [1.0, 0.0, -1e-06, 0.19019, 0.0, 0.997098, 0.076129, 0.585253, 1e-06, -0.076129, 0.997098, 0.188534, 0.0, 0.0, 0.0, 1.0],
                [1.0, 0.0, -1e-06, 0.191795, 0.0, 0.997349, 0.072772, 0.591803, 1e-06, -0.072772, 0.997349, 0.187619, 0.0, 0.0, 0.0, 1.0],
                [1.0, 0.0, -1e-06, 0.193392, 0.0, 0.997587, 0.069431, 0.598305, 1e-06, -0.069431, 0.997587, 0.186756, 0.0, 0.0, 0.0, 1.0],
                [1.0, 0.0, -1e-06, 0.194978, 0.0, 0.997812, 0.066111, 0.604748, 1e-06, -0.066111, 0.997812, 0.185944, 0.0, 0.0, 0.0, 1.0],
                [1.0, 0.0, -1e-06, 0.196552, 0.0, 0.998025, 0.062816, 0.611126, 1e-06, -0.062816, 0.998025, 0.185181, 0.0, 0.0, 0.0, 1.0],
                [1.0, 0.0, -1e-06, 0.198111, 0.0, 0.998225, 0.059553, 0.617429, 1e-06, -0.059553, 0.998225, 0.184465, 0.0, 0.0, 0.0, 1.0],
                [1.0, 0.0, -1e-06, 0.199652, 0.0, 0.998412, 0.056325, 0.62365, 1e-06, -0.056325, 0.998412, 0.183796, 0.0, 0.0, 0.0, 1.0],
                [1.0, 0.0, -1e-06, 0.201174, 0.0, 0.998587, 0.053137, 0.629779, 1e-06, -0.053137, 0.998587, 0.183171, 0.0, 0.0, 0.0, 1.0],
                [1.0, 0.0, -1e-06, 0.202675, 0.0, 0.998749, 0.049995, 0.635809, 1e-06, -0.049995, 0.998749, 0.18259, 0.0, 0.0, 0.0, 1.0],
                [1.0, 0.0, -1e-06, 0.204151, 0.0, 0.998899, 0.046903, 0.641731, 1e-06, -0.046903, 0.998899, 0.18205, 0.0, 0.0, 0.0, 1.0],
                [1.0, 0.0, -1e-06, 0.2056, 0.0, 0.999037, 0.043866, 0.647537, 1e-06, -0.043866, 0.999037, 0.18155, 0.0, 0.0, 0.0, 1.0],
                [1.0, 0.0, -1e-06, 0.207021, 0.0, 0.999164, 0.040889, 0.653218, 1e-06, -0.040889, 0.999164, 0.181088, 0.0, 0.0, 0.0, 1.0],
                [1.0, 0.0, -1e-06, 0.208411, 0.0, 0.999279, 0.037976, 0.658766, 1e-06, -0.037976, 0.999279, 0.180663, 0.0, 0.0, 0.0, 1.0],
                [1.0, 0.0, -1e-06, 0.209768, 0.0, 0.999383, 0.035134, 0.664172, 1e-06, -0.035134, 0.999383, 0.180274, 0.0, 0.0, 0.0, 1.0],
                [1.0, 0.0, -1e-06, 0.211089, 0.0, 0.999476, 0.032366, 0.669428, 1e-06, -0.032366, 0.999476, 0.179918, 0.0, 0.0, 0.0, 1.0],
                [1.0, 0.0, -1e-06, 0.212372, 0.0, 0.999559, 0.029677, 0.674526, 1e-06, -0.029677, 0.999559, 0.179595, 0.0, 0.0, 0.0, 1.0],
                [1.0, 0.0, -1e-06, 0.213615, 0.0, 0.999633, 0.027073, 0.679457, 1e-06, -0.027073, 0.999633, 0.179303, 0.0, 0.0, 0.0, 1.0],
                [1.0, 0.0, -1e-06, 0.214816, 0.0, 0.999698, 0.024557, 0.684213, 1e-06, -0.024557, 0.999698, 0.17904, 0.0, 0.0, 0.0, 1.0],
                [1.0, 0.0, -1e-06, 0.215971, 0.0, 0.999755, 0.022136, 0.688786, 1e-06, -0.022136, 0.999755, 0.178804, 0.0, 0.0, 0.0, 1.0],
                [1.0, 0.0, -1e-06, 0.21708, 0.0, 0.999804, 0.019813, 0.693166, 1e-06, -0.019813, 0.999804, 0.178595, 0.0, 0.0, 0.0, 1.0],
                [1.0, 0.0, -1e-06, 0.218139, 0.0, 0.999845, 0.017594, 0.697346, 1e-06, -0.017594, 0.999845, 0.17841, 0.0, 0.0, 0.0, 1.0],
                [1.0, 0.0, -1e-06, 0.219146, 0.0, 0.99988, 0.015483, 0.701318, 1e-06, -0.015483, 0.99988, 0.178248, 0.0, 0.0, 0.0, 1.0],
                [1.0, 0.0, -1e-06, 0.2201, 0.0, 0.999909, 0.013485, 0.705072, 1e-06, -0.013485, 0.999909, 0.178108, 0.0, 0.0, 0.0, 1.0],
                [1.0, 0.0, -1e-06, 0.220997, 0.0, 0.999933, 0.011605, 0.7086, 1e-06, -0.011605, 0.999933, 0.177988, 0.0, 0.0, 0.0, 1.0],
                [1.0, 0.0, -1e-06, 0.221836, 0.0, 0.999951, 0.009849, 0.711895, 1e-06, -0.009849, 0.999951, 0.177886, 0.0, 0.0, 0.0, 1.0],
                [1.0, 0.0, -1e-06, 0.222614, 0.0, 0.999966, 0.008219, 0.714947, 1e-06, -0.008219, 0.999966, 0.177801, 0.0, 0.0, 0.0, 1.0],
                [1.0, 0.0, -1e-06, 0.223328, 0.0, 0.999977, 0.006722, 0.717748, 1e-06, -0.006722, 0.999977, 0.177732, 0.0, 0.0, 0.0, 1.0],
                [1.0, 0.0, -1e-06, 0.223977, 0.0, 0.999986, 0.005363, 0.720291, 1e-06, -0.005363, 0.999986, 0.177676, 0.0, 0.0, 0.0, 1.0],
                [1.0, 0.0, -1e-06, 0.224559, 0.0, 0.999991, 0.004145, 0.722565, 1e-06, -0.004145, 0.999991, 0.177633, 0.0, 0.0, 0.0, 1.0],
                [1.0, 0.0, -1e-06, 0.22507, 0.0, 0.999995, 0.003074, 0.724564, 1e-06, -0.003074, 0.999995, 0.1776, 0.0, 0.0, 0.0, 1.0],
                [1.0, 0.0, -1e-06, 0.225509, 0.0, 0.999998, 0.002155, 0.726278, 1e-06, -0.002155, 0.999998, 0.177577, 0.0, 0.0, 0.0, 1.0],
                [1.0, 0.0, -1e-06, 0.225873, 0.0, 0.999999, 0.001392, 0.727699, 1e-06, -0.001392, 0.999999, 0.177561, 0.0, 0.0, 0.0, 1.0],
                [1.0, 0.0, -1e-06, 0.226161, 0.0, 1.0, 0.00079, 0.728819, 1e-06, -0.00079, 1.0, 0.177552, 0.0, 0.0, 0.0, 1.0],
                [1.0, 0.0, -1e-06, 0.226369, 0.0, 1.0, 0.000354, 0.72963, 1e-06, -0.000354, 1.0, 0.177547, 0.0, 0.0, 0.0, 1.0],
                [1.0, 0.0, -1e-06, 0.226495, 0.0, 1.0, 8.9e-05, 0.730122, 1e-06, -8.9e-05, 1.0, 0.177545, 0.0, 0.0, 0.0, 1.0],
                [1.0, 0.0, -1e-06, 0.226538, 0.0, 1.0, 0.0, 0.730288, 1e-06, 0.0, 1.0, 0.177545, 0.0, 0.0, 0.0, 1.0]
            ]
        },
        {
            "name": "Root",
            "time": [0.0, 0.0167, 0.0333, 0.05, 0.0667, 0.0833, 0.1, 0.1167, 0.1333, 0.15, 0.1667, 0.1833, 0.2, 0.2167, 0.2333, 0.25, 0.2667, 0.2833, 0.3, 0.3167, 0.3333, 0.35, 0.3667, 0.3833, 0.4, 0.4167, 0.4333, 0.45, 0.4667, 0.4833, 0.5, 0.5167, 0.5333, 0.55, 0.5667, 0.5833, 0.6, 0.6167, 0.6333, 0.65, 0.6667, 0.6833, 0.7, 0.7167, 0.7333, 0.75, 0.7667, 0.7833, 0.8, 0.8167, 0.8333, 0.85, 0.8667, 0.8833, 0.9, 0.9167, 0.9333, 0.95, 0.9667, 0.9833, 1.0, 1.0167, 1.0333, 1.05, 1.0667, 1.0833, 1.1, 1.1167, 1.1333, 1.15, 1.1667, 1.1833, 1.2, 1.2167, 1.2333, 1.25, 1.2667, 1.2833, 1.3, 1.3167, 1.3333, 1.35, 1.3667, 1.3833, 1.4, 1.4167, 1.4333, 1.45, 1.4667, 1.4833, 1.5, 1.5167, 1.5333, 1.55, 1.5667, 1.5833, 1.6, 1.6167, 1.6333, 1.65, 1.6667, 1.6833, 1.7, 1.7167, 1.7333, 1.75, 1.7667, 1.7833, 1.8, 1.8167, 1.8333, 1.85, 1.8667, 1.8833, 1.9, 1.9167, 1.9333, 1.95, 1.9667, 1.9833, 2.0],
            "transform": [
                [1.0, 0.0, 0.0, -5e-06, 0.0, 0.38689, -0.922126, 0.000946, 0.0, 0.922126, 0.38689, 0.904178, 0.0, 0.0, 0.0, 1.0],
                [1.0, 0.0, 0.0, -5e-06, 0.0, 0.385632, -0.922653, 0.00098, 0.0, 0.922653, 0.385632, 0.904175, 0.0, 0.0, 0.0, 1.0],
                [1.0, 0.0, 0.0, -5e-06, 0.0, 0.381989, -0.924167, 0.001218, 0.0, 0.924167, 0.381989, 0.904153, 0.0, 0.0, 0.0, 1.0],
                [1.0, 0.0, 0.0, -5e-06, 0.0, 0.376157, -0.926556, 0.001862, 0.0, 0.926556, 0.376157, 0.904094, 0.0, 0.0, 0.0, 1.0],
                [1.0, 0.0, 0.0, -5e-06, 0.0, 0.368324, -0.929698, 0.003117, 0.0, 0.929698, 0.368324, 0.903979, 0.0, 0.0, 0.0, 1.0],
                [1.0, 0.0, 0.0, -5e-06, 0.0, 0.358679, -0.933461, 0.005186, 0.0, 0.933461, 0.358679, 0.903789, 0.0, 0.0, 0.0, 1.0],
                [1.0, 0.0, 0.0, -5e-06, 0.0, 0.347408, -0.937714, 0.008272, 0.0, 0.937714, 0.347408, 0.903506, 0.0, 0.0, 0.0, 1.0],
                [1.0, 0.0, 0.0, -5e-06, 0.0, 0.334701, -0.942324, 0.012579, 0.0, 0.942324, 0.334701, 0.90311, 0.0, 0.0, 0.0, 1.0],
                [1.0, 0.0, 0.0, -5e-06, 0.0, 0.320753, -0.947163, 0.01831, 0.0, 0.947163, 0.320753, 0.902584, 0.0, 0.0, 0.0, 1.0],
                [1.0, 0.0, 0.0, -5e-06, 0.0, 0.305762, -0.952108, 0.025669, 0.0, 0.952108, 0.305762, 0.901909, 0.0, 0.0, 0.0, 1.0],
                [1.0, 0.0, 0.0, -5e-06, 0.0, 0.289932, -0.957047, 0.034859, 0.0, 0.957047, 0.289932, 0.901065, 0.0, 0.0, 0.0, 1.0],
                [1.0, 0.0, 0.0, -5e-06, 0.0, 0.273476, -0.961879, 0.046084, 0.0, 0.961879, 0.273476, 0.900035, 0.0, 0.0, 0.0, 1.0],
                [1.0, 0.0, 0.0, -5e-06, 0.0, 0.256608, -0.966516, 0.059548, 0.0, 0.966516, 0.256608, 0.898799, 0.0, 0.0, 0.0, 1.0],
                [1.0, 0.0, 0.0, -5e-06, 0.0, 0.23955, -0.970884, 0.075453, 0.0, 0.970884, 0.23955, 0.897339, 0.0, 0.0, 0.0, 1.0],
                [1.0, 0.0, 0.0, -5e-06, 0.0, 0.22253, -0.974926, 0.094003, 0.0, 0.974926, 0.22253, 0.895636, 0.0, 0.0, 0.0, 1.0],
                [1.0, 0.0, 0.0, -5e-06, 0.0, 0.205776, -0.978599, 0.115402, 0.0, 0.978599, 0.205776, 0.893671, 0.0, 0.0, 0.0, 1.0],
                [1.0, 0.0, 0.0, -5e-06, 0.0, 0.189521, -0.981877, 0.139853, 0.0, 0.981877, 0.189521, 0.891427, 0.0, 0.0, 0.0, 1.0],
                [1.0, 0.0, 0.0, -5e-06, 0.0, 0.173998, -0.984746, 0.16756, 0.0, 0.984746, 0.173998, 0.888883, 0.0, 0.0, 0.0, 1.0],
                [1.0, 0.0, 0.0, -5e-06, 0.0, 0.159441, -0.987207, 0.198726, 0.0, 0.987207, 0.159441, 0.886022, 0.0, 0.0, 0.0, 1.0],
                [1.0, 0.0, 0.0, -5e-06, 0.0, 0.146083, -0.989272, 0.233554, 0.0, 0.989272, 0.146083, 0.882825, 0.0, 0.0, 0.0, 1.0],
                [1.0, 0.0, 0.0, -5e-06, 0.0, 0.134155, -0.99096, 0.272249, 0.0, 0.99096, 0.134155, 0.879273, 0.0, 0.0, 0.0, 1.0],
                [1.0, 0.0, 0.0, -5e-06, 0.0, 0.123888, -0.992296, 0.315013, 0.0, 0.992296, 0.123888, 0.875347, 0.0, 0.0, 0.0, 1.0],
                [1.0, 0.0, 0.0, -5e-06, 0.0, 0.11551, -0.993306, 0.36205, 0.0, 0.993306, 0.11551, 0.871029, 0.0, 0.0, 0.0, 1.0],
                [1.0, 0.0, 0.0, -5e-06, 0.0, 0.109247, -0.994015, 0.413563, 0.0, 0.994015, 0.109247, 0.866301, 0.0, 0.0, 0.0, 1.0],
                [1.0, 0.0, 0.0, -5e-06, 0.0, 0.105325, -0.994438, 0.469757, 0.0, 0.994438, 0.105325, 0.861142, 0.0, 0.0, 0.0, 1.0],
