{
    "animation": [
        {
            "name": "Leg_ik_L",
            "time": [0.0, 0.0167, 0.0333, 0.05, 0.0667, 0.0833, 0.1, 0.1167, 0.1333, 0.15, 0.1667, 0.1833, 0.2, 0.2167, 0.2333, 0.25, 0.2667, 0.2833, 0.3, 0.3167, 0.3333, 0.35, 0.3667, 0.3833, 0.4, 0.4167, 0.4333, 0.45, 0.4667, 0.4833, 0.5, 0.5167, 0.5333, 0.55, 0.5667, 0.5833, 0.6, 0.6167, 0.6333, 0.65, 0.6667, 0.6833, 0.7, 0.7167, 0.7333, 0.75, 0.7667, 0.7833, 0.8, 0.8167, 0.8333, 0.85, 0.8667, 0.8833, 0.9, 0.9167, 0.9333, 0.95, 0.9667, 0.9833, 1.0, 1.0167, 1.0333, 1.05, 1.0667, 1.0833, 1.1, 1.1167, 1.1333, 1.15, 1.1667, 1.1833, 1.2, 1.2167, 1.2333, 1.25, 1.2667, 1.2833, 1.3, 1.3167, 1.3333, 1.35, 1.3667, 1.3833, 1.4, 1.4167, 1.4333, 1.45, 1.4667, 1.4833, 1.5, 1.5167, 1.5333, 1.55, 1.5667, 1.5833, 1.6, 1.6167, 1.6333, 1.65, 1.6667, 1.6833, 1.7, 1.7167, 1.7333, 1.75, 1.7667, 1.7833, 1.8, 1.8167, 1.8333, 1.85, 1.8667, 1.8833, 1.9, 1.9167, 1.9333, 1.95, 1.9667, 1.9833, 2.0, 2.0167, 2.0333, 2.05, 2.0667, 2.0833, 2.1, 2.1167, 2.1333, 2.15, 2.1667],
            "transform": [
                [1.0, 0.0, 1e-06, -0.259279, 0.0, 1.0, 0.0, -0.158504, -1e-06, 0.0, 1.0, 0.299584, 0.0, 0.0, 0.0, 1.0],
                [1.0, 0.0, 1e-06, -0.259279, 0.0, 1.0, 0.0, -0.158504, -1e-06, 0.0, 1.0, 0.298899, 0.0, 0.0, 0.0, 1.0],
                [1.0, 0.0, 1e-06, -0.259279, 0.0, 1.0, 0.0, -0.158504, -1e-06, 0.0, 1.0, 0.296927, 0.0, 0.0, 0.0, 1.0],
                [1.0, 0.0, 1e-06, -0.259279, 0.0, 1.0, 0.0, -0.158504, -1e-06, 0.0, 1.0, 0.293796, 0.0, 0.0, 0.0, 1.0],
                [1.0, 0.0, 1e-06, -0.259279, 0.0, 1.0, 0.0, -0.158504, -1e-06, 0.0, 1.0, 0.289636, 0.0, 0.0, 0.0, 1.0],
                [1.0, 0.0, 1e-06, -0.259279, 0.0, 1.0, 0.0, -0.158504, -1e-06, 0.0, 1.0, 0.284573, 0.0, 0.0, 0.0, 1.0],
                [1.0, 0.0, 1e-06, -0.259279, 0.0, 1.0, 0.0, -0.158504, -1e-06, 0.0, 1.0, 0.278735, 0.0, 0.0, 0.0, 1.0],
                [1.0, 0.0, 1e-06, -0.259279, 0.0, 1.0, 0.0, -0.158504, -1e-06, 0.0, 1.0, 0.272251, 0.0, 0.0, 0.0, 1.0],
                [1.0, 0.0, 1e-06, -0.259279, 0.0, 1.0, 0.0, -0.158504, -1e-06, 0.0, 1.0, 0.265248, 0.0, 0.0, 0.0, 1.0],
                [1.0, 0.0, 1e-06, -0.259279, 0.0, 1.0, 0.0, -0.158504, -1e-06, 0.0, 1.0, 0.257855, 0.0, 0.0, 0.0, 1.0],
                [1.0, 0.0, 1e-06, -0.259279, 0.0, 1.0, 0.0, -0.158504, -1e-06, 0.0, 1.0, 0.250199, 0.0, 0.0, 0.0, 1.0],
                [1.0, 0.0, 1e-06, -0.259279, 0.0, 1.0, 0.0, -0.158504, -1e-06, 0.0, 1.0, 0.242409, 0.0, 0.0, 0.0, 1.0],
                [1.0, 0.0, 1e-06, -0.259279, 0.0, 1.0, 0.0, -0.158504, -1e-06, 0.0, 1.0, 0.234612, 0.0, 0.0, 0.0, 1.0],
                [1.0, 0.0, 1e-06, -0.259279, 0.0, 1.0, 0.0, -0.158504, -1e-06, 0.0, 1.0, 0.226936, 0.0, 0.0, 0.0, 1.0],
                [1.0, 0.0, 1e-06, -0.259279, 0.0, 1.0, 0.0, -0.158504, -1e-06, 0.0, 1.0, 0.219509, 0.0, 0.0, 0.0, 1.0],
                [1.0, 0.0, 1e-06, -0.259279, 0.0, 1.0, 0.0, -0.158504, -1e-06, 0.0, 1.0, 0.212459, 0.0, 0.0, 0.0, 1.0],
                [1.0, 0.0, 1e-06, -0.259279, 0.0, 1.0, 0.0, -0.158504, -1e-06, 0.0, 1.0, 0.205915, 0.0, 0.0, 0.0, 1.0],
                [1.0, 0.0, 1e-06, -0.259279, 0.0, 1.0, 0.0, -0.158504, -1e-06, 0.0, 1.0, 0.200003, 0.0, 0.0, 0.0, 1.0],
                [1.0, 0.0, 1e-06, -0.259279, 0.0, 1.0, 0.0, -0.158504, -1e-06, 0.0, 1.0, 0.194852, 0.0, 0.0, 0.0, 1.0],
                [1.0, 0.0, 1e-06, -0.259279, 0.0, 1.0, 0.0, -0.158504, -1e-06, 0.0, 1.0, 0.190591, 0.0, 0.0, 0.0, 1.0],
                [1.0, 0.0, 1e-06, -0.259279, 0.0, 1.0, 0.0, -0.158504, -1e-06, 0.0, 1.0, 0.187346, 0.0, 0.0, 0.0, 1.0],
                [1.0, 0.0, 1e-06, -0.259279, 0.0, 1.0, 0.0, -0.158504, -1e-06, 0.0, 1.0, 0.184913, 0.0, 0.0, 0.0, 1.0],
                [1.0, 0.0, 1e-06, -0.259279, 0.0, 1.0, 0.0, -0.158504, -1e-06, 0.0, 1.0, 0.182964, 0.0, 0.0, 0.0, 1.0],
                [1.0, 0.0, 1e-06, -0.259279, 0.0, 1.0, 0.0, -0.158504, -1e-06, 0.0, 1.0, 0.181447, 0.0, 0.0, 0.0, 1.0],
                [1.0, 0.0, 1e-06, -0.259279, 0.0, 1.0, 0.0, -0.158504, -1e-06, 0.0, 1.0, 0.180306, 0.0, 0.0, 0.0, 1.0],
                [1.0, 0.0, 1e-06, -0.259279, 0.0, 1.0, 0.0, -0.158504, -1e-06, 0.0, 1.0, 0.179489, 0.0, 0.0, 0.0, 1.0],
                [1.0, 0.0, 1e-06, -0.259279, 0.0, 1.0, 0.0, -0.158504, -1e-06, 0.0, 1.0, 0.178942, 0.0, 0.0, 0.0, 1.0],
                [1.0, 0.0, 1e-06, -0.259279, 0.0, 1.0, 0.0, -0.158504, -1e-06, 0.0, 1.0, 0.178609, 0.0, 0.0, 0.0, 1.0],
                [1.0, 0.0, 1e-06, -0.259279, 0.0, 1.0, 0.0, -0.158504, -1e-06, 0.0, 1.0, 0.178439, 0.0, 0.0, 0.0, 1.0],
                [1.0, 0.0, 1e-06, -0.259279, 0.0, 1.0, 0.0, -0.158504, -1e-06, 0.0, 1.0, 0.178376, 0.0, 0.0, 0.0, 1.0],
                [1.0, 0.0, 1e-06, -0.259279, 0.0, 1.0, 0.0, -0.158504, -1e-06, 0.0, 1.0, 0.178367, 0.0, 0.0, 0.0, 1.0],
                [1.0, 0.0, 1e-06, -0.259279, 0.0, 1.0, 0.0, -0.158504, -1e-06, 0.0, 1.0, 0.178367, 0.0, 0.0, 0.0, 1.0],
                [1.0, 0.0, 1e-06, -0.259279, 0.0, 1.0, 0.0, -0.158504, -1e-06, 0.0, 1.0, 0.178367, 0.0, 0.0, 0.0, 1.0],
                [1.0, 0.0, 1e-06, -0.259279, 0.0, 1.0, 0.0, -0.158504, -1e-06, 0.0, 1.0, 0.178367, 0.0, 0.0, 0.0, 1.0],
                [1.0, 0.0, 1e-06, -0.259279, 0.0, 1.0, 0.0, -0.158504, -1e-06, 0.0, 1.0, 0.178367, 0.0, 0.0, 0.0, 1.0],
                [1.0, 0.0, 1e-06, -0.259279, 0.0, 1.0, 0.0, -0.158504, -1e-06, 0.0, 1.0, 0.178367, 0.0, 0.0, 0.0, 1.0],
                [1.0, 0.0, 1e-06, -0.259279, 0.0, 1.0, 0.0, -0.158504, -1e-06, 0.0, 1.0, 0.178367, 0.0, 0.0, 0.0, 1.0],
                [1.0, 0.0, 1e-06, -0.259279, 0.0, 1.0, 0.0, -0.158504, -1e-06, 0.0, 1.0, 0.178367, 0.0, 0.0, 0.0, 1.0],
                [1.0, 0.0, 1e-06, -0.259279, 0.0, 1.0, 0.0, -0.158504, -1e-06, 0.0, 1.0, 0.178367, 0.0, 0.0, 0.0, 1.0],
                [1.0, 0.0, 1e-06, -0.259279, 0.0, 1.0, 0.0, -0.158504, -1e-06, 0.0, 1.0, 0.178367, 0.0, 0.0, 0.0, 1.0],
                [1.0, 0.0, 1e-06, -0.259279, 0.0, 1.0, 0.0, -0.158504, -1e-06, 0.0, 1.0, 0.178367, 0.0, 0.0, 0.0, 1.0],
                [1.0, 0.0, 1e-06, -0.259279, 0.0, 1.0, 0.0, -0.158504, -1e-06, 0.0, 1.0, 0.178367, 0.0, 0.0, 0.0, 1.0],
                [1.0, 0.0, 1e-06, -0.259279, 0.0, 1.0, 0.0, -0.158504, -1e-06, 0.0, 1.0, 0.178367, 0.0, 0.0, 0.0, 1.0],
                [1.0, 0.0, 1e-06, -0.259279, 0.0, 1.0, 0.0, -0.158504, -1e-06, 0.0, 1.0, 0.178367, 0.0, 0.0, 0.0, 1.0],
                [1.0, 0.0, 1e-06, -0.259279, 0.0, 1.0, 0.0, -0.158504, -1e-06, 0.0, 1.0, 0.178367, 0.0, 0.0, 0.0, 1.0],
                [1.0, 0.0, 1e-06, -0.259279, 0.0, 1.0, 0.0, -0.158504, -1e-06, 0.0, 1.0, 0.178367, 0.0, 0.0, 0.0, 1.0],
                [1.0, 0.0, 1e-06, -0.259279, 0.0, 1.0, 0.0, -0.158504, -1e-06, 0.0, 1.0, 0.178367, 0.0, 0.0, 0.0, 1.0],
                [1.0, 0.0, 1e-06, -0.259279, 0.0, 1.0, 0.0, -0.158504, -1e-06, 0.0, 1.0, 0.178367, 0.0, 0.0, 0.0, 1.0],
                [1.0, 0.0, 1e-06, -0.259279, 0.0, 1.0, 0.0, -0.158504, -1e-06, 0.0, 1.0, 0.178367, 0.0, 0.0, 0.0, 1.0],
                [1.0, 0.0, 1e-06, -0.259279, 0.0, 1.0, 0.0, -0.158504, -1e-06, 0.0, 1.0, 0.178367, 0.0, 0.0, 0.0, 1.0],
                [1.0, 0.0, 1e-06, -0.259279, 0.0, 1.0, 0.0, -0.158504, -1e-06, 0.0, 1.0, 0.178367, 0.0, 0.0, 0.0, 1.0],
                [1.0, 0.0, 1e-06, -0.259279, 0.0, 1.0, 0.0, -0.158504, -1e-06, 0.0, 1.0, 0.178367, 0.0, 0.0, 0.0, 1.0],
                [1.0, 0.0, 1e-06, -0.259279, 0.0, 1.0, 0.0, -0.158504, -1e-06, 0.0, 1.0, 0.178367, 0.0, 0.0, 0.0, 1.0],
                [1.0, 0.0, 1e-06, -0.259279, 0.0, 1.0, 0.0, -0.158504, -1e-06, 0.0, 1.0, 0.178367, 0.0, 0.0, 0.0, 1.0],
                [1.0, 0.0, 1e-06, -0.259279, 0.0, 1.0, 0.0, -0.158504, -1e-06, 0.0, 1.0, 0.178367, 0.0, 0.0, 0.0, 1.0],
                [1.0, 0.0, 1e-06, -0.259279, 0.0, 1.0, 0.0, -0.158504, -1e-06, 0.0, 1.0, 0.178367, 0.0, 0.0, 0.0, 1.0],
                [1.0, 0.0, 1e-06, -0.259279, 0.0, 1.0, 0.0, -0.0438, -1e-06, 0.0, 1.0, 0.186082, 0.0, 0.0, 0.0, 1.0],
                [1.0, 0.0, 1e-06, -0.259279, 0.0, 1.0, 0.0, 0.229724, -1e-06, 0.0, 1.0, 0.204479, 0.0, 0.0, 0.0, 1.0],
                [1.0, 0.0, 1e-06, -0.259279, 0.0, 1.0, 0.0, 0.556189, -1e-06, 0.0, 1.0, 0.226438, 0.0, 0.0, 0.0, 1.0],
                [1.0, 0.0, 1e-06, -0.259279, 0.0, 1.0, 0.0, 0.829713, -1e-06, 0.0, 1.0, 0.244835, 0.0, 0.0, 0.0, 1.0],
                [1.0, 0.0, 1e-06, -0.259279, 0.0, 1.0, 0.0, 0.944417, -1e-06, 0.0, 1.0, 0.25255, 0.0, 0.0, 0.0, 1.0],
                [1.0, 0.0, 1e-06, -0.259279, 0.0, 1.0, 0.0, 0.944417, -1e-06, 0.0, 1.0, 0.25255, 0.0, 0.0, 0.0, 1.0],
                [1.0, 0.0, 1e-06, -0.259279, 0.0, 1.0, 0.0, 0.944417, -1e-06, 0.0, 1.0, 0.25255, 0.0, 0.0, 0.0, 1.0],
                [1.0, 0.0, 1e-06, -0.259279, 0.0, 1.0, 0.0, 0.944417, -1e-06, 0.0, 1.0, 0.25255, 0.0, 0.0, 0.0, 1.0],
                [1.0, 0.0, 1e-06, -0.259279, 0.0, 1.0, 0.0, 0.944417, -1e-06, 0.0, 1.0, 0.25255, 0.0, 0.0, 0.0, 1.0],
                [1.0, 0.0, 1e-06, -0.259279, 0.0, 1.0, 0.0, 0.944417, -1e-06, 0.0, 1.0, 0.25255, 0.0, 0.0, 0.0, 1.0],
                [1.0, 0.0, 1e-06, -0.259279, 0.0, 1.0, 0.0, 0.944417, -1e-06, 0.0, 1.0, 0.25255, 0.0, 0.0, 0.0, 1.0],
                [1.0, 0.0, 1e-06, -0.259279, 0.0, 1.0, 0.0, 0.944417, -1e-06, 0.0, 1.0, 0.25255, 0.0, 0.0, 0.0, 1.0],
                [1.0, 0.0, 1e-06, -0.259279, 0.0, 1.0, 0.0, 0.944417, -1e-06, 0.0, 1.0, 0.25255, 0.0, 0.0, 0.0, 1.0],
                [1.0, 0.0, 1e-06, -0.259279, 0.0, 1.0, 0.0, 0.944417, -1e-06, 0.0, 1.0, 0.25255, 0.0, 0.0, 0.0, 1.0],
                [1.0, 0.0, 1e-06, -0.259279, 0.0, 1.0, 0.0, 0.944417, -1e-06, 0.0, 1.0, 0.25255, 0.0, 0.0, 0.0, 1.0],
                [1.0, 0.0, 1e-06, -0.259279, 0.0, 1.0, 0.0, 0.944277, -1e-06, 0.0, 1.0, 0.252484, 0.0, 0.0, 0.0, 1.0],
                [1.0, 0.0, 1e-06, -0.259279, 0.0, 1.0, 0.0, 0.943864, -1e-06, 0.0, 1.0, 0.25229, 0.0, 0.0, 0.0, 1.0],
                [1.0, 0.0, 1e-06, -0.259279, 0.0, 1.0, 0.0, 0.943186, -1e-06, 0.0, 1.0, 0.251972, 0.0, 0.0, 0.0, 1.0],
                [1.0, 0.0, 1e-06, -0.259279, 0.0, 1.0, 0.0, 0.942254, -1e-06, 0.0, 1.0, 0.251534, 0.0, 0.0, 0.0, 1.0],
                [1.0, 0.0, 1e-06, -0.259279, 0.0, 1.0, 0.0, 0.941077, -1e-06, 0.0, 1.0, 0.250981, 0.0, 0.0, 0.0, 1.0],
                [1.0, 0.0, 1e-06, -0.259279, 0.0, 1.0, 0.0, 0.939664, -1e-06, 0.0, 1.0, 0.250318, 0.0, 0.0, 0.0, 1.0],
                [1.0, 0.0, 1e-06, -0.259279, 0.0, 1.0, 0.0, 0.938025, -1e-06, 0.0, 1.0, 0.249548, 0.0, 0.0, 0.0, 1.0],
                [1.0, 0.0, 1e-06, -0.259279, 0.0, 1.0, 0.0, 0.936169, -1e-06, 0.0, 1.0, 0.248676, 0.0, 0.0, 0.0, 1.0],
                [1.0, 0.0, 1e-06, -0.259279, 0.0, 1.0, 0.0, 0.934105, -1e-06, 0.0, 1.0, 0.247707, 0.0, 0.0, 0.0, 1.0],
                [1.0, 0.0, 1e-06, -0.259279, 0.0, 1.0, 0.0, 0.931844, -1e-06, 0.0, 1.0, 0.246645, 0.0, 0.0, 0.0, 1.0],
                [1.0, 0.0, 1e-06, -0.259279, 0.0, 1.0, 0.0, 0.929394, -1e-06, 0.0, 1.0, 0.245494, 0.0, 0.0, 0.0, 1.0],
                [1.0, 0.0, 1e-06, -0.259279, 0.0, 1.0, 0.0, 0.926764, -1e-06, 0.0, 1.0, 0.244259, 0.0, 0.0, 0.0, 1.0],
                [1.0, 0.0, 1e-06, -0.259279, 0.0, 1.0, 0.0, 0.923965, -1e-06, 0.0, 1.0, 0.242944, 0.0, 0.0, 0.0, 1.0],
                [1.0, 0.0, 1e-06, -0.259279, 0.0, 1.0, 0.0, 0.921006, -1e-06, 0.0, 1.0, 0.241554, 0.0, 0.0, 0.0, 1.0],
                [1.0, 0.0, 1e-06, -0.259279, 0.0, 1.0, 0.0, 0.917895, -1e-06, 0.0, 1.0, 0.240093, 0.0, 0.0, 0.0, 1.0],
                [1.0, 0.0, 1e-06, -0.259279, 0.0, 1.0, 0.0, 0.914644, -1e-06, 0.0, 1.0, 0.238566, 0.0, 0.0, 0.0, 1.0],
                [1.0, 0.0, 1e-06, -0.259279, 0.0, 1.0, 0.0, 0.91126, -1e-06, 0.0, 1.0, 0.236977, 0.0, 0.0, 0.0, 1.0],
                [1.0, 0.0, 1e-06, -0.259279, 0.0, 1.0, 0.0, 0.907754, -1e-06, 0.0, 1.0, 0.23533, 0.0, 0.0, 0.0, 1.0],
                [1.0, 0.0, 1e-06, -0.259279, 0.0, 1.0, 0.0, 0.904134, -1e-06, 0.0, 1.0, 0.23363, 0.0, 0.0, 0.0, 1.0],
                [1.0, 0.0, 1e-06, -0.259279, 0.0, 1.0, 0.0, 0.900411, -1e-06, 0.0, 1.0, 0.231881, 0.0, 0.0, 0.0, 1.0],
                [1.0, 0.0, 1e-06, -0.259279, 0.0, 1.0, 0.0, 0.896593, -1e-06, 0.0, 1.0, 0.230088, 0.0, 0.0, 0.0, 1.0],
                [1.0, 0.0, 1e-06, -0.259279, 0.0, 1.0, 0.0, 0.892691, -1e-06, 0.0, 1.0, 0.228255, 0.0, 0.0, 0.0, 1.0],
                [1.0, 0.0, 1e-06, -0.259279, 0.0, 1.0, 0.0, 0.888713, -1e-06, 0.0, 1.0, 0.226387, 0.0, 0.0, 0.0, 1.0],
                [1.0, 0.0, 1e-06, -0.259279, 0.0, 1.0, 0.0, 0.884669, -1e-06, 0.0, 1.0, 0.224488, 0.0, 0.0, 0.0, 1.0],
                [1.0, 0.0, 1e-06, -0.259279, 0.0, 1.0, 0.0, 0.880569, -1e-06, 0.0, 1.0, 0.222562, 0.0, 0.0, 0.0, 1.0],
                [1.0, 0.0, 1e-06, -0.259279, 0.0, 1.0, 0.0, 0.876421, -1e-06, 0.0, 1.0, 0.220614, 0.0, 0.0, 0.0, 1.0],
                [1.0, 0.0, 1e-06, -0.259279, 0.0, 1.0, 0.0, 0.872236, -1e-06, 0.0, 1.0, 0.218648, 0.0, 0.0, 0.0, 1.0],
                [1.0, 0.0, 1e-06, -0.259279, 0.0, 1.0, 0.0, 0.868022, -1e-06, 0.0, 1.0, 0.216669, 0.0, 0.0, 0.0, 1.0],
                [1.0, 0.0, 1e-06, -0.259279, 0.0, 1.0, 0.0, 0.86379, -1e-06, 0.0, 1.0, 0.214681, 0.0, 0.0, 0.0, 1.0],
                [1.0, 0.0, 1e-06, -0.259279, 0.0, 1.0, 0.0, 0.859548, -1e-06, 0.0, 1.0, 0.212689, 0.0, 0.0, 0.0, 1.0],
                [1.0, 0.0, 1e-06, -0.259279, 0.0, 1.0, 0.0, 0.855306, -1e-06, 0.0, 1.0, 0.210696, 0.0, 0.0, 0.0, 1.0],
                [1.0, 0.0, 1e-06, -0.259279, 0.0, 1.0, 0.0, 0.851074, -1e-06, 0.0, 1.0, 0.208709, 0.0, 0.0, 0.0, 1.0],
                [1.0, 0.0, 1e-06, -0.259279, 0.0, 1.0, 0.0, 0.84686, -1e-06, 0.0, 1.0, 0.20673, 0.0, 0.0, 0.0, 1.0],
                [1.0, 0.0, 1e-06, -0.259279, 0.0, 1.0, 0.0, 0.842675, -1e-06, 0.0, 1.0, 0.204764, 0.0, 0.0, 0.0, 1.0],
                [1.0, 0.0, 1e-06, -0.259279, 0.0, 1.0, 0.0, 0.838527, -1e-06, 0.0, 1.0, 0.202816, 0.0, 0.0, 0.0, 1.0],
                [1.0, 0.0, 1e-06, -0.259279, 0.0, 1.0, 0.0, 0.834427, -1e-06, 0.0, 1.0, 0.20089, 0.0, 0.0, 0.0, 1.0],
                [1.0, 0.0, 1e-06, -0.259279, 0.0, 1.0, 0.0, 0.830383, -1e-06, 0.0, 1.0, 0.19899, 0.0, 0.0, 0.0, 1.0],
                [1.0, 0.0, 1e-06, -0.259279, 0.0, 1.0, 0.0, 0.826405, -1e-06, 0.0, 1.0, 0.197122, 0.0, 0.0, 0.0, 1.0],
                [1.0, 0.0, 1e-06, -0.259279, 0.0, 1.0, 0.0, 0.822502, -1e-06, 0.0, 1.0, 0.195289, 0.0, 0.0, 0.0, 1.0],
                [1.0, 0.0, 1e-06, -0.259279, 0.0, 1.0, 0.0, 0.818685, -1e-06, 0.0, 1.0, 0.193496, 0.0, 0.0, 0.0, 1.0],
                [1.0, 0.0, 1e-06, -0.259279, 0.0, 1.0, 0.0, 0.814962, -1e-06, 0.0, 1.0, 0.191748, 0.0, 0.0, 0.0, 1.0],
                [1.0, 0.0, 1e-06, -0.259279, 0.0, 1.0, 0.0, 0.811342, -1e-06, 0.0, 1.0, 0.190048, 0.0, 0.0, 0.0, 1.0],
                [1.0, 0.0, 1e-06, -0.259279, 0.0, 1.0, 0.0, 0.807836, -1e-06, 0.0, 1.0, 0.188401, 0.0, 0.0, 0.0, 1.0],
                [1.0, 0.0, 1e-06, -0.259279, 0.0, 1.0, 0.0, 0.804452, -1e-06, 0.0, 1.0, 0.186811, 0.0, 0.0, 0.0, 1.0],
                [1.0, 0.0, 1e-06, -0.259279, 0.0, 1.0, 0.0, 0.8012, -1e-06, 0.0, 1.0, 0.185284, 0.0, 0.0, 0.0, 1.0],
                [1.0, 0.0, 1e-06, -0.259279, 0.0, 1.0, 0.0, 0.79809, -1e-06, 0.0, 1.0, 0.183823, 0.0, 0.0, 0.0, 1.0],
                [1.0, 0.0, 1e-06, -0.259279, 0.0, 1.0, 0.0, 0.795131, -1e-06, 0.0, 1.0, 0.182433, 0.0, 0.0, 0.0, 1.0],
                [1.0, 0.0, 1e-06, -0.259279, 0.0, 1.0, 0.0, 0.792331, -1e-06, 0.0, 1.0, 0.181119, 0.0, 0.0, 0.0, 1.0],
                [1.0, 0.0, 1e-06, -0.259279, 0.0, 1.0, 0.0, 0.789702, -1e-06, 0.0, 1.0, 0.179884, 0.0, 0.0, 0.0, 1.0],
                [1.0, 0.0, 1e-06, -0.259279, 0.0, 1.0, 0.0, 0.787252, -1e-06, 0.0, 1.0, 0.178733, 0.0, 0.0, 0.0, 1.0],
                [1.0, 0.0, 1e-06, -0.259279, 0.0, 1.0, 0.0, 0.78499, -1e-06, 0.0, 1.0, 0.177671, 0.0, 0.0, 0.0, 1.0],
                [1.0, 0.0, 1e-06, -0.259279, 0.0, 1.0, 0.0, 0.782927, -1e-06, 0.0, 1.0, 0.176701, 0.0, 0.0, 0.0, 1.0],
                [1.0, 0.0, 1e-06, -0.259279, 0.0, 1.0, 0.0, 0.781071, -1e-06, 0.0, 1.0, 0.17583, 0.0, 0.0, 0.0, 1.0],
                [1.0, 0.0, 1e-06, -0.259279, 0.0, 1.0, 0.0, 0.779431, -1e-06, 0.0, 1.0, 0.17506, 0.0, 0.0, 0.0, 1.0],
                [1.0, 0.0, 1e-06, -0.259279, 0.0, 1.0, 0.0, 0.778018, -1e-06, 0.0, 1.0, 0.174396, 0.0, 0.0, 0.0, 1.0],
                [1.0, 0.0, 1e-06, -0.259279, 0.0, 1.0, 0.0, 0.776841, -1e-06, 0.0, 1.0, 0.173843, 0.0, 0.0, 0.0, 1.0],
                [1.0, 0.0, 1e-06, -0.259279, 0.0, 1.0, 0.0, 0.775909, -1e-06, 0.0, 1.0, 0.173405, 0.0, 0.0, 0.0, 1.0],
                [1.0, 0.0, 1e-06, -0.259279, 0.0, 1.0, 0.0, 0.775232, -1e-06, 0.0, 1.0, 0.173087, 0.0, 0.0, 0.0, 1.0],
                [1.0, 0.0, 1e-06, -0.259279, 0.0, 1.0, 0.0, 0.774819, -1e-06, 0.0, 1.0, 0.172893, 0.0, 0.0, 0.0, 1.0],
                [1.0, 0.0, 1e-06, -0.259279, 0.0, 1.0, 0.0, 0.774679, -1e-06, 0.0, 1.0, 0.172827, 0.0, 0.0, 0.0, 1.0]
            ]
        },
        {
            "name": "Leg_ik_R",
            "time": [0.0, 0.0167, 0.0333, 0.05, 0.0667, 0.0833, 0.1, 0.1167, 0.1333, 0.15, 0.1667, 0.1833, 0.2, 0.2167, 0.2333, 0.25, 0.2667, 0.2833, 0.3, 0.3167, 0.3333, 0.35, 0.3667, 0.3833, 0.4, 0.4167, 0.4333, 0.45, 0.4667, 0.4833, 0.5, 0.5167, 0.5333, 0.55, 0.5667, 0.5833, 0.6, 0.6167, 0.6333, 0.65, 0.6667, 0.6833, 0.7, 0.7167, 0.7333, 0.75, 0.7667, 0.7833, 0.8, 0.8167, 0.8333, 0.85, 0.8667, 0.8833, 0.9, 0.9167, 0.9333, 0.95, 0.9667, 0.9833, 1.0, 1.0167, 1.0333, 1.05, 1.0667, 1.0833, 1.1, 1.1167, 1.1333, 1.15, 1.1667, 1.1833, 1.2, 1.2167, 1.2333, 1.25, 1.2667, 1.2833, 1.3, 1.3167, 1.3333, 1.35, 1.3667, 1.3833, 1.4, 1.4167, 1.4333, 1.45, 1.4667, 1.4833, 1.5, 1.5167, 1.5333, 1.55, 1.5667, 1.5833, 1.6, 1.6167, 1.6333, 1.65, 1.6667, 1.6833, 1.7, 1.7167, 1.7333, 1.75, 1.7667, 1.7833, 1.8, 1.8167, 1.8333, 1.85, 1.8667, 1.8833, 1.9, 1.9167, 1.9333, 1.95, 1.9667, 1.9833, 2.0, 2.0167, 2.0333, 2.05, 2.0667, 2.0833, 2.1, 2.1167, 2.1333, 2.15, 2.1667],
            "transform": [
                [1.0, 0.0, -1e-06, 0.226538, 0.0, 1.0, 0.0, -0.433406, 1e-06, 0.0, 1.0, 0.211796, 0.0, 0.0, 0.0, 1.0],
                [1.0, 0.0, -1e-06, 0.226538, 0.0, 1.0, 0.0, -0.433406, 1e-06, 0.0, 1.0, 0.212152, 0.0, 0.0, 0.0, 1.0],
                [1.0, 0.0, -1e-06, 0.226538, 0.0, 1.0, 0.0, -0.433406, 1e-06, 0.0, 1.0, 0.213175, 0.0, 0.0, 0.0, 1.0],
                [1.0, 0.0, -1e-06, 0.226538, 0.0, 1.0, 0.0, -0.433406, 1e-06, 0.0, 1.0, 0.2148, 0.0, 0.0, 0.0, 1.0],
                [1.0, 0.0, -1e-06, 0.226538, 0.0, 1.0, 0.0, -0.433406, 1e-06, 0.0, 1.0, 0.216959, 0.0, 0.0, 0.0, 1.0],
                [1.0, 0.0, -1e-06, 0.226538, 0.0, 1.0, 0.0, -0.433406, 1e-06, 0.0, 1.0, 0.219586, 0.0, 0.0, 0.0, 1.0],
                [1.0, 0.0, -1e-06, 0.226538, 0.0, 1.0, 0.0, -0.433406, 1e-06, 0.0, 1.0, 0.222616, 0.0, 0.0, 0.0, 1.0],
                [1.0, 0.0, -1e-06, 0.226538, 0.0, 1.0, 0.0, -0.433406, 1e-06, 0.0, 1.0, 0.225981, 0.0, 0.0, 0.0, 1.0],
                [1.0, 0.0, -1e-06, 0.226538, 0.0, 1.0, 0.0, -0.433406, 1e-06, 0.0, 1.0, 0.229615, 0.0, 0.0, 0.0, 1.0],
                [1.0, 0.0, -1e-06, 0.226538, 0.0, 1.0, 0.0, -0.433406, 1e-06, 0.0, 1.0, 0.233451, 0.0, 0.0, 0.0, 1.0],
                [1.0, 0.0, -1e-06, 0.226538, 0.0, 1.0, 0.0, -0.433406, 1e-06, 0.0, 1.0, 0.237424, 0.0, 0.0, 0.0, 1.0],
                [1.0, 0.0, -1e-06, 0.226538, 0.0, 1.0, 0.0, -0.433406, 1e-06, 0.0, 1.0, 0.241467, 0.0, 0.0, 0.0, 1.0],
                [1.0, 0.0, -1e-06, 0.226538, 0.0, 1.0, 0.0, -0.433406, 1e-06, 0.0, 1.0, 0.245514, 0.0, 0.0, 0.0, 1.0],
                [1.0, 0.0, -1e-06, 0.226538, 0.0, 1.0, 0.0, -0.433406, 1e-06, 0.0, 1.0, 0.249497, 0.0, 0.0, 0.0, 1.0],
                [1.0, 0.0, -1e-06, 0.226538, 0.0, 1.0, 0.0, -0.433406, 1e-06, 0.0, 1.0, 0.253351, 0.0, 0.0, 0.0, 1.0],
                [1.0, 0.0, -1e-06, 0.226538, 0.0, 1.0, 0.0, -0.433406, 1e-06, 0.0, 1.0, 0.25701, 0.0, 0.0, 0.0, 1.0],
                [1.0, 0.0, -1e-06, 0.226538, 0.0, 1.0, 0.0, -0.433406, 1e-06, 0.0, 1.0, 0.260406, 0.0, 0.0, 0.0, 1.0],
                [1.0, 0.0, -1e-06, 0.226538, 0.0, 1.0, 0.0, -0.433406, 1e-06, 0.0, 1.0, 0.263474, 0.0, 0.0, 0.0, 1.0],
                [1.0, 0.0, -1e-06, 0.226538, 0.0, 1.0, 0.0, -0.433406, 1e-06, 0.0, 1.0, 0.266147, 0.0, 0.0, 0.0, 1.0],
                [1.0, 0.0, -1e-06, 0.226538, 0.0, 1.0, 0.0, -0.433406, 1e-06, 0.0, 1.0, 0.268359, 0.0, 0.0, 0.0, 1.0],
                [1.0, 0.0, -1e-06, 0.226538, 0.0, 1.0, 0.0, -0.433406, 1e-06, 0.0, 1.0, 0.270043, 0.0, 0.0, 0.0, 1.0],
                [1.0, 0.0, -1e-06, 0.226538, 0.0, 1.0, 0.0, -0.433406, 1e-06, 0.0, 1.0, 0.271305, 0.0, 0.0, 0.0, 1.0],
                [1.0, 0.0, -1e-06, 0.226538, 0.0, 1.0, 0.0, -0.433406, 1e-06, 0.0, 1.0, 0.272317, 0.0, 0.0, 0.0, 1.0],
                [1.0, 0.0, -1e-06, 0.226538, 0.0, 1.0, 0.0, -0.433406, 1e-06, 0.0, 1.0, 0.273104, 0.0, 0.0, 0.0, 1.0],
                [1.0, 0.0, -1e-06, 0.226538, 0.0, 1.0, 0.0, -0.433406, 1e-06, 0.0, 1.0, 0.273696, 0.0, 0.0, 0.0, 1.0],
                [1.0, 0.0, -1e-06, 0.226538, 0.0, 1.0, 0.0, -0.433406, 1e-06, 0.0, 1.0, 0.27412, 0.0, 0.0, 0.0, 1.0],
                [1.0, 0.0, -1e-06, 0.226538, 0.0, 1.0, 0.0, -0.433406, 1e-06, 0.0, 1.0, 0.274404, 0.0, 0.0, 0.0, 1.0],
                [1.0, 0.0, -1e-06, 0.226538, 0.0, 1.0, 0.0, -0.433406, 1e-06, 0.0, 1.0, 0.274577, 0.0, 0.0, 0.0, 1.0],
                [1.0, 0.0, -1e-06, 0.226538, 0.0, 1.0, 0.0, -0.433406, 1e-06, 0.0, 1.0, 0.274665, 0.0, 0.0, 0.0, 1.0],
                [1.0, 0.0, -1e-06, 0.226538, 0.0, 1.0, 0.0, -0.433406, 1e-06, 0.0, 1.0, 0.274698, 0.0, 0.0, 0.0, 1.0],
                [1.0, 0.0, -1e-06, 0.226538, 0.0, 1.0, 0.0, -0.433406, 1e-06, 0.0, 1.0, 0.274702, 0.0, 0.0, 0.0, 1.0],
                [1.0, 0.0, -1e-06, 0.226538, 0.0, 1.0, 0.0, -0.353775, 1e-06, 0.0, 1.0, 0.274702, 0.0, 0.0, 0.0, 1.0],
                [1.0, 0.0, -1e-06, 0.226538, 0.0, 1.0, 0.0, -0.163885, 1e-06, 0.0, 1.0, 0.274702, 0.0, 0.0, 0.0, 1.0],
                [1.0, 0.0, -1e-06, 0.226538, 0.0, 1.0, 0.0, 0.062758, 1e-06, 0.0, 1.0, 0.274702, 0.0, 0.0, 0.0, 1.0],
                [1.0, 0.0, -1e-06, 0.226538, 0.0, 1.0, 0.0, 0.252648, 1e-06, 0.0, 1.0, 0.274702, 0.0, 0.0, 0.0, 1.0],
                [1.0, 0.0, -1e-06, 0.226538, 0.0, 1.0, 0.0, 0.332279, 1e-06, 0.0, 1.0, 0.274702, 0.0, 0.0, 0.0, 1.0],
                [1.0, 0.0, -1e-06, 0.226538, 0.0, 1.0, 0.0, 0.332279, 1e-06, 0.0, 1.0, 0.274702, 0.0, 0.0, 0.0, 1.0],
                [1.0, 0.0, -1e-06, 0.226538, 0.0, 1.0, 0.0, 0.332279, 1e-06, 0.0, 1.0, 0.274702, 0.0, 0.0, 0.0, 1.0],
                [1.0, 0.0, -1e-06, 0.226538, 0.0, 1.0, 0.0, 0.332279, 1e-06, 0.0, 1.0, 0.274702, 0.0, 0.0, 0.0, 1.0],
                [1.0, 0.0, -1e-06, 0.226538, 0.0, 1.0, 0.0, 0.332279, 1e-06, 0.0, 1.0, 0.274702, 0.0, 0.0, 0.0, 1.0],
                [1.0, 0.0, -1e-06, 0.226538, 0.0, 1.0, 0.0, 0.332279, 1e-06, 0.0, 1.0, 0.274702, 0.0, 0.0, 0.0, 1.0],
                [1.0, 0.0, -1e-06, 0.226538, 0.0, 1.0, 0.0, 0.332279, 1e-06, 0.0, 1.0, 0.274702, 0.0, 0.0, 0.0, 1.0],
                [1.0, 0.0, -1e-06, 0.226538, 0.0, 1.0, 0.0, 0.332279, 1e-06, 0.0, 1.0, 0.274702, 0.0, 0.0, 0.0, 1.0],
                [1.0, 0.0, -1e-06, 0.226538, 0.0, 1.0, 0.0, 0.332279, 1e-06, 0.0, 1.0, 0.274702, 0.0, 0.0, 0.0, 1.0],
                [1.0, 0.0, -1e-06, 0.226538, 0.0, 1.0, 0.0, 0.332279, 1e-06, 0.0, 1.0, 0.274702, 0.0, 0.0, 0.0, 1.0],
                [1.0, 0.0, -1e-06, 0.226538, 0.0, 1.0, 0.0, 0.332279, 1e-06, 0.0, 1.0, 0.274702, 0.0, 0.0, 0.0, 1.0],
                [1.0, 0.0, -1e-06, 0.226538, 0.0, 1.0, 0.0, 0.332279, 1e-06, 0.0, 1.0, 0.274702, 0.0, 0.0, 0.0, 1.0],
                [1.0, 0.0, -1e-06, 0.226538, 0.0, 1.0, 0.0, 0.332279, 1e-06, 0.0, 1.0, 0.274702, 0.0, 0.0, 0.0, 1.0],
                [1.0, 0.0, -1e-06, 0.226538, 0.0, 1.0, 0.0, 0.332279, 1e-06, 0.0, 1.0, 0.274702, 0.0, 0.0, 0.0, 1.0],
                [1.0, 0.0, -1e-06, 0.226538, 0.0, 1.0, 0.0, 0.332279, 1e-06, 0.0, 1.0, 0.274702, 0.0, 0.0, 0.0, 1.0],
                [1.0, 0.0, -1e-06, 0.226538, 0.0, 1.0, 0.0, 0.332279, 1e-06, 0.0, 1.0, 0.274702, 0.0, 0.0, 0.0, 1.0],
                [1.0, 0.0, -1e-06, 0.226538, 0.0, 1.0, 0.0, 0.332279, 1e-06, 0.0, 1.0, 0.274702, 0.0, 0.0, 0.0, 1.0],
                [1.0, 0.0, -1e-06, 0.226538, 0.0, 1.0, 0.0, 0.332279, 1e-06, 0.0, 1.0, 0.274702, 0.0, 0.0, 0.0, 1.0],
                [1.0, 0.0, -1e-06, 0.226538, 0.0, 1.0, 0.0, 0.332279, 1e-06, 0.0, 1.0, 0.274702, 0.0, 0.0, 0.0, 1.0],
                [1.0, 0.0, -1e-06, 0.226538, 0.0, 1.0, 0.0, 0.332279, 1e-06, 0.0, 1.0, 0.274702, 0.0, 0.0, 0.0, 1.0],
                [1.0, 0.0, -1e-06, 0.226538, 0.0, 1.0, 0.0, 0.332279, 1e-06, 0.0, 1.0, 0.274702, 0.0, 0.0, 0.0, 1.0],
                [1.0, 0.0, -1e-06, 0.226538, 0.0, 1.0, 0.0, 0.332279, 1e-06, 0.0, 1.0, 0.274702, 0.0, 0.0, 0.0, 1.0],
                [1.0, 0.0, -1e-06, 0.226538, 0.0, 1.0, 0.0, 0.332279, 1e-06, 0.0, 1.0, 0.274702, 0.0, 0.0, 0.0, 1.0],
                [1.0, 0.0, -1e-06, 0.226538, 0.0, 1.0, 0.0, 0.332279, 1e-06, 0.0, 1.0, 0.274702, 0.0, 0.0, 0.0, 1.0],
                [1.0, 0.0, -1e-06, 0.226538, 0.0, 1.0, 0.0, 0.332279, 1e-06, 0.0, 1.0, 0.274702, 0.0, 0.0, 0.0, 1.0],
                [1.0, 0.0, -1e-06, 0.226538, 0.0, 1.0, 0.0, 0.332279, 1e-06, 0.0, 1.0, 0.274702, 0.0, 0.0, 0.0, 1.0],
                [1.0, 0.0, -1e-06, 0.226538, 0.0, 1.0, 0.0, 0.332279, 1e-06, 0.0, 1.0, 0.274702, 0.0, 0.0, 0.0, 1.0],
                [1.0, 0.0, -1e-06, 0.226538, 0.0, 1.0, 0.0, 0.332279, 1e-06, 0.0, 1.0, 0.274702, 0.0, 0.0, 0.0, 1.0],
                [1.0, 0.0, -1e-06, 0.226538, 0.0, 1.0, 0.0, 0.332279, 1e-06, 0.0, 1.0, 0.274702, 0.0, 0.0, 0.0, 1.0],
                [1.0, 0.0, -1e-06, 0.226538, 0.0, 1.0, 0.0, 0.332279, 1e-06, 0.0, 1.0, 0.274702, 0.0, 0.0, 0.0, 1.0],
                [1.0, 0.0, -1e-06, 0.226538, 0.0, 1.0, 0.0, 0.332279, 1e-06, 0.0, 1.0, 0.274702, 0.0, 0.0, 0.0, 1.0],
                [1.0, 0.0, -1e-06, 0.226538, 0.0, 1.0, 0.0, 0.332279, 1e-06, 0.0, 1.0, 0.274702, 0.0, 0.0, 0.0, 1.0],
                [1.0, 0.0, -1e-06, 0.226538, 0.0, 1.0, 0.0, 0.332279, 1e-06, 0.0, 1.0, 0.274702, 0.0, 0.0, 0.0, 1.0],
                [1.0, 0.0, -1e-06, 0.226538, 0.0, 1.0, 0.0, 0.332279, 1e-06, 0.0, 1.0, 0.274702, 0.0, 0.0, 0.0, 1.0],
                [1.0, 0.0, -1e-06, 0.226538, 0.0, 1.0, 0.0, 0.332279, 1e-06, 0.0, 1.0, 0.274702, 0.0, 0.0, 0.0, 1.0],
                [1.0, 0.0, -1e-06, 0.226538, 0.0, 1.0, 0.0, 0.332279, 1e-06, 0.0, 1.0, 0.274702, 0.0, 0.0, 0.0, 1.0],
                [1.0, 0.0, -1e-06, 0.226538, 0.0, 1.0, 0.0, 0.332662, 1e-06, 0.0, 1.0, 0.274622, 0.0, 0.0, 0.0, 1.0],
                [1.0, 0.0, -1e-06, 0.226538, 0.0, 1.0, 0.0, 0.333792, 1e-06, 0.0, 1.0, 0.274386, 0.0, 0.0, 0.0, 1.0],
                [1.0, 0.0, -1e-06, 0.226538, 0.0, 1.0, 0.0, 0.335646, 1e-06, 0.0, 1.0, 0.273998, 0.0, 0.0, 0.0, 1.0],
                [1.0, 0.0, -1e-06, 0.226538, 0.0, 1.0, 0.0, 0.338196, 1e-06, 0.0, 1.0, 0.273464, 0.0, 0.0, 0.0, 1.0],
                [1.0, 0.0, -1e-06, 0.226538, 0.0, 1.0, 0.0, 0.341416, 1e-06, 0.0, 1.0, 0.272791, 0.0, 0.0, 0.0, 1.0],
                [1.0, 0.0, -1e-06, 0.226538, 0.0, 1.0, 0.0, 0.345282, 1e-06, 0.0, 1.0, 0.271982, 0.0, 0.0, 0.0, 1.0],
                [1.0, 0.0, -1e-06, 0.226538, 0.0, 1.0, 0.0, 0.349767, 1e-06, 0.0, 1.0, 0.271044, 0.0, 0.0, 0.0, 1.0],
                [1.0, 0.0, -1e-06, 0.226538, 0.0, 1.0, 0.0, 0.354845, 1e-06, 0.0, 1.0, 0.269981, 0.0, 0.0, 0.0, 1.0],
                [1.0, 0.0, -1e-06, 0.226538, 0.0, 1.0, 0.0, 0.360491, 1e-06, 0.0, 1.0, 0.2688, 0.0, 0.0, 0.0, 1.0],
                [1.0, 0.0, -1e-06, 0.226538, 0.0, 1.0, 0.0, 0.366679, 1e-06, 0.0, 1.0, 0.267505, 0.0, 0.0, 0.0, 1.0],
                [1.0, 0.0, -1e-06, 0.226538, 0.0, 1.0, 0.0, 0.373383, 1e-06, 0.0, 1.0, 0.266103, 0.0, 0.0, 0.0, 1.0],
                [1.0, 0.0, -1e-06, 0.226538, 0.0, 1.0, 0.0, 0.380577, 1e-06, 0.0, 1.0, 0.264598, 0.0, 0.0, 0.0, 1.0],
                [1.0, 0.0, -1e-06, 0.226538, 0.0, 1.0, 0.0, 0.388235, 1e-06, 0.0, 1.0, 0.262996, 0.0, 0.0, 0.0, 1.0],
                [1.0, 0.0, -1e-06, 0.226538, 0.0, 1.0, 0.0, 0.396332, 1e-06, 0.0, 1.0, 0.261302, 0.0, 0.0, 0.0, 1.0],
                [1.0, 0.0, -1e-06, 0.226538, 0.0, 1.0, 0.0, 0.404842, 1e-06, 0.0, 1.0, 0.259521, 0.0, 0.0, 0.0, 1.0],
                [1.0, 0.0, -1e-06, 0.226538, 0.0, 1.0, 0.0, 0.413739, 1e-06, 0.0, 1.0, 0.25766, 0.0, 0.0, 0.0, 1.0],
                [1.0, 0.0, -1e-06, 0.226538, 0.0, 1.0, 0.0, 0.422997, 1e-06, 0.0, 1.0, 0.255723, 0.0, 0.0, 0.0, 1.0],
                [1.0, 0.0, -1e-06, 0.226538, 0.0, 1.0, 0.0, 0.43259, 1e-06, 0.0, 1.0, 0.253716, 0.0, 0.0, 0.0, 1.0],
                [1.0, 0.0, -1e-06, 0.226538, 0.0, 1.0, 0.0, 0.442493, 1e-06, 0.0, 1.0, 0.251645, 0.0, 0.0, 0.0, 1.0],
                [1.0, 0.0, -1e-06, 0.226538, 0.0, 1.0, 0.0, 0.45268, 1e-06, 0.0, 1.0, 0.249513, 0.0, 0.0, 0.0, 1.0],
                [1.0, 0.0, -1e-06, 0.226538, 0.0, 1.0, 0.0, 0.463125, 1e-06, 0.0, 1.0, 0.247328, 0.0, 0.0, 0.0, 1.0],
                [1.0, 0.0, -1e-06, 0.226538, 0.0, 1.0, 0.0, 0.473802, 1e-06, 0.0, 1.0, 0.245094, 0.0, 0.0, 0.0, 1.0],
                [1.0, 0.0, -1e-06, 0.226538, 0.0, 1.0, 0.0, 0.484685, 1e-06, 0.0, 1.0, 0.242818, 0.0, 0.0, 0.0, 1.0],
                [1.0, 0.0, -1e-06, 0.226538, 0.0, 1.0, 0.0, 0.49575, 1e-06, 0.0, 1.0, 0.240503, 0.0, 0.0, 0.0, 1.0],
                [1.0, 0.0, -1e-06, 0.226538, 0.0, 1.0, 0.0, 0.506968, 1e-06, 0.0, 1.0, 0.238156, 0.0, 0.0, 0.0, 1.0],
                [1.0, 0.0, -1e-06, 0.226538, 0.0, 1.0, 0.0, 0.518316, 1e-06, 0.0, 1.0, 0.235782, 0.0, 0.0, 0.0, 1.0],
                [1.0, 0.0, -1e-06, 0.226538, 0.0, 1.0, 0.0, 0.529767, 1e-06, 0.0, 1.0, 0.233386, 0.0, 0.0, 0.0, 1.0],
                [1.0, 0.0, -1e-06, 0.226538, 0.0, 1.0, 0.0, 0.541296, 1e-06, 0.0, 1.0, 0.230974, 0.0, 0.0, 0.0, 1.0],
                [1.0, 0.0, -1e-06, 0.226538, 0.0, 1.0, 0.0, 0.552876, 1e-06, 0.0, 1.0, 0.228552, 0.0, 0.0, 0.0, 1.0],
                [1.0, 0.0, -1e-06, 0.226538, 0.0, 1.0, 0.0, 0.564481, 1e-06, 0.0, 1.0, 0.226124, 0.0, 0.0, 0.0, 1.0],
                [1.0, 0.0, -1e-06, 0.226538, 0.0, 1.0, 0.0, 0.576087, 1e-06, 0.0, 1.0, 0.223696, 0.0, 0.0, 0.0, 1.0],
                [1.0, 0.0, -1e-06, 0.226538, 0.0, 1.0, 0.0, 0.587667, 1e-06, 0.0, 1.0, 0.221273, 0.0, 0.0, 0.0, 1.0],
                [1.0, 0.0, -1e-06, 0.226538, 0.0, 1.0, 0.0, 0.599196, 1e-06, 0.0, 1.0, 0.218861, 0.0, 0.0, 0.0, 1.0],
                [1.0, 0.0, -1e-06, 0.226538, 0.0, 1.0, 0.0, 0.610647, 1e-06, 0.0, 1.0, 0.216465, 0.0, 0.0, 0.0, 1.0],
                [1.0, 0.0, -1e-06, 0.226538, 0.0, 1.0, 0.0, 0.621995, 1e-06, 0.0, 1.0, 0.214091, 0.0, 0.0, 0.0, 1.0],
                [1.0, 0.0, -1e-06, 0.226538, 0.0, 1.0, 0.0, 0.633214, 1e-06, 0.0, 1.0, 0.211744, 0.0, 0.0, 0.0, 1.0],
                [1.0, 0.0, -1e-06, 0.226538, 0.0, 1.0, 0.0, 0.644278, 1e-06, 0.0, 1.0, 0.20943, 0.0, 0.0, 0.0, 1.0],
                [1.0, 0.0, -1e-06, 0.226538, 0.0, 1.0, 0.0, 0.655161, 1e-06, 0.0, 1.0, 0.207153, 0.0, 0.0, 0.0, 1.0],
                [1.0, 0.0, -1e-06, 0.226538, 0.0, 1.0, 0.0, 0.665838, 1e-06, 0.0, 1.0, 0.204919, 0.0, 0.0, 0.0, 1.0],
                [1.0, 0.0, -1e-06, 0.226538, 0.0, 1.0, 0.0, 0.676283, 1e-06, 0.0, 1.0, 0.202734, 0.0, 0.0, 0.0, 1.0],
                [1.0, 0.0, -1e-06, 0.226538, 0.0, 1.0, 0.0, 0.68647, 1e-06, 0.0, 1.0, 0.200603, 0.0, 0.0, 0.0, 1.0],
                [1.0, 0.0, -1e-06, 0.226538, 0.0, 1.0, 0.0, 0.696373, 1e-06, 0.0, 1.0, 0.198531, 0.0, 0.0, 0.0, 1.0],
                [1.0, 0.0, -1e-06, 0.226538, 0.0, 1.0, 0.0, 0.705966, 1e-06, 0.0, 1.0, 0.196524, 0.0, 0.0, 0.0, 1.0],
                [1.0, 0.0, -1e-06, 0.226538, 0.0, 1.0, 0.0, 0.715224, 1e-06, 0.0, 1.0, 0.194587, 0.0, 0.0, 0.0, 1.0],
                [1.0, 0.0, -1e-06, 0.226538, 0.0, 1.0, 0.0, 0.724121, 1e-06, 0.0, 1.0, 0.192726, 0.0, 0.0, 0.0, 1.0],
                [1.0, 0.0, -1e-06, 0.226538, 0.0, 1.0, 0.0, 0.732631, 1e-06, 0.0, 1.0, 0.190945, 0.0, 0.0, 0.0, 1.0],
                [1.0, 0.0, -1e-06, 0.226538, 0.0, 1.0, 0.0, 0.740728, 1e-06, 0.0, 1.0, 0.189251, 0.0, 0.0, 0.0, 1.0],
                [1.0, 0.0, -1e-06, 0.226538, 0.0, 1.0, 0.0, 0.748386, 1e-06, 0.0, 1.0, 0.187649, 0.0, 0.0, 0.0, 1.0],
                [1.0, 0.0, -1e-06, 0.226538, 0.0, 1.0, 0.0, 0.75558, 1e-06, 0.0, 1.0, 0.186144, 0.0, 0.0, 0.0, 1.0],
                [1.0, 0.0, -1e-06, 0.226538, 0.0, 1.0, 0.0, 0.762284, 1e-06, 0.0, 1.0, 0.184742, 0.0, 0.0, 0.0, 1.0],
                [1.0, 0.0, -1e-06, 0.226538, 0.0, 1.0, 0.0, 0.768472, 1e-06, 0.0, 1.0, 0.183447, 0.0, 0.0, 0.0, 1.0],
                [1.0, 0.0, -1e-06, 0.226538, 0.0, 1.0, 0.0, 0.774118, 1e-06, 0.0, 1.0, 0.182266, 0.0, 0.0, 0.0, 1.0],
                [1.0, 0.0, -1e-06, 0.226538, 0.0, 1.0, 0.0, 0.779196, 1e-06, 0.0, 1.0, 0.181203, 0.0, 0.0, 0.0, 1.0],
                [1.0, 0.0, -1e-06, 0.226538, 0.0, 1.0, 0.0, 0.783681, 1e-06, 0.0, 1.0, 0.180265, 0.0, 0.0, 0.0, 1.0],
                [1.0, 0.0, -1e-06, 0.226538, 0.0, 1.0, 0.0, 0.787547, 1e-06, 0.0, 1.0, 0.179456, 0.0, 0.0, 0.0, 1.0],
                [1.0, 0.0, -1e-06, 0.226538, 0.0, 1.0, 0.0, 0.790767, 1e-06, 0.0, 1.0, 0.178783, 0.0, 0.0, 0.0, 1.0],
                [1.0, 0.0, -1e-06, 0.226538, 0.0, 1.0, 0.0, 0.793317, 1e-06, 0.0, 1.0, 0.178249, 0.0, 0.0, 0.0, 1.0],
                [1.0, 0.0, -1e-06, 0.226538, 0.0, 1.0, 0.0, 0.795171, 1e-06, 0.0, 1.0, 0.177861, 0.0, 0.0, 0.0, 1.0],
                [1.0, 0.0, -1e-06, 0.226538, 0.0, 1.0, 0.0, 0.796301, 1e-06, 0.0, 1.0, 0.177625, 0.0, 0.0, 0.0, 1.0],
                [1.0, 0.0, -1e-06, 0.226538, 0.0, 1.0, 0.0, 0.796684, 1e-06, 0.0, 1.0, 0.177545, 0.0, 0.0, 0.0, 1.0]
            ]
        },
        {
            "name": "Root",
            "time": [0.0, 0.0167, 0.0333, 0.05, 0.0667, 0.0833, 0.1, 0.1167, 0.1333, 0.15, 0.1667, 0.1833, 0.2, 0.2167, 0.2333, 0.25, 0.2667, 0.2833, 0.3, 0.3167, 0.3333, 0.35, 0.3667, 0.3833, 0.4, 0.4167, 0.4333, 0.45, 0.4667, 0.4833, 0.5, 0.5167, 0.5333, 0.55, 0.5667, 0.5833, 0.6, 0.6167, 0.6333, 0.65, 0.6667, 0.6833, 0.7, 0.7167, 0.7333, 0.75, 0.7667, 0.7833, 0.8, 0.8167, 0.8333, 0.85, 0.8667, 0.8833, 0.9, 0.9167, 0.9333, 0.95, 0.9667, 0.9833, 1.0, 1.0167, 1.0333, 1.05, 1.0667, 1.0833, 1.1, 1.1167, 1.1333, 1.15, 1.1667, 1.1833, 1.2, 1.2167, 1.2333, 1.25, 1.2667, 1.2833, 1.3, 1.3167, 1.3333, 1.35, 1.3667, 1.3833, 1.4, 1.4167, 1.4333, 1.45, 1.4667, 1.4833, 1.5, 1.5167, 1.5333, 1.55, 1.5667, 1.5833, 1.6, 1.6167, 1.6333, 1.65, 1.6667, 1.6833, 1.7, 1.7167, 1.7333, 1.75, 1.7667, 1.7833, 1.8, 1.8167, 1.8333, 1.85, 1.8667, 1.8833, 1.9, 1.9167, 1.9333, 1.95, 1.9667, 1.9833, 2.0, 2.0167, 2.0333, 2.05, 2.0667, 2.0833, 2.1, 2.1167, 2.1333, 2.15, 2.1667],
            "transform": [
                [0.886009, 0.0878, -0.45528, -5e-06, -0.462753, 0.105748, -0.880157, 0.000946, -0.029133, 0.990509, 0.134324, 0.821711, 0.0, 0.0, 0.0, 1.0],
                [0.885953, 0.085878, -0.455755, -5e-06, -0.462955, 0.105343, -0.8801, 0.000946, -0.027571, 0.990721, 0.133087, 0.821725, 0.0, 0.0, 0.0, 1.0],
                [0.885775, 0.080349, -0.457106, -5e-06, -0.46354, 0.104178, -0.87993, 0.000946, -0.023081, 0.991308, 0.129523, 0.821767, 0.0, 0.0, 0.0, 1.0],
                [0.88544, 0.07156, -0.459211, -5e-06, -0.464479, 0.102334, -0.879651, 0.000946, -0.015955, 0.992173, 0.123849, 0.821833, 0.0, 0.0, 0.0, 1.0],
                [0.884894, 0.059856, -0.46193, -5e-06, -0.465747, 0.099895, -0.879261, 0.000946, -0.006485, 0.993196, 0.116274, 0.821921, 0.0, 0.0, 0.0, 1.0],
                [0.884074, 0.045585, -0.465118, -5e-06, -0.46732, 0.096945, -0.878757, 0.000946, 0.005032, 0.994245, 0.107009, 0.822028, 0.0, 0.0, 0.0, 1.0],
                [0.882916, 0.029098, -0.468628, -5e-06, -0.469174, 0.09357, -0.878135, 0.000946, 0.018297, 0.995187, 0.096267, 0.822151, 0.0, 0.0, 0.0, 1.0],
                [0.881364, 0.010751, -0.472314, -5e-06, -0.471282, 0.089856, -0.877393, 0.000946, 0.033007, 0.995897, 0.084263, 0.822288, 0.0, 0.0, 0.0, 1.0],
                [0.879375, -0.009092, -0.476044, -5e-06, -0.473617, 0.085888, -0.876533, 0.000946, 0.048856, 0.996263, 0.071221, 0.822436, 0.0, 0.0, 0.0, 1.0],
                [0.876921, -0.030061, -0.479694, -5e-06, -0.476146, 0.08175, -0.875558, 0.000946, 0.065535, 0.996199, 0.057375, 0.822592, 0.0, 0.0, 0.0, 1.0],
                [0.874, -0.051779, -0.483159, -5e-06, -0.478831, 0.077525, -0.874478, 0.000946, 0.082737, 0.995645, 0.042963, 0.822754, 0.0, 0.0, 0.0, 1.0],
                [0.870633, -0.073868, -0.486356, -5e-06, -0.481631, 0.073289, -0.873304, 0.000946, 0.100154, 0.994571, 0.028231, 0.822919, 0.0, 0.0, 0.0, 1.0],
                [0.866867, -0.095946, -0.48922, -5e-06, -0.484499, 0.069119, -0.872057, 0.000946, 0.117485, 0.992984, 0.013431, 0.823083, 0.0, 0.0, 0.0, 1.0],
                [0.862777, -0.117635, -0.491709, -5e-06, -0.487384, 0.065084, -0.870759, 0.000946, 0.134434, 0.990922, -0.00118, 0.823245, 0.0, 0.0, 0.0, 1.0],
                [0.858462, -0.138561, -0.493806, -5e-06, -0.490233, 0.061249, -0.869437, 0.000946, 0.150715, 0.988458, -0.015347, 0.823402, 0.0, 0.0, 0.0, 1.0],
                [0.854044, -0.158357, -0.495512, -5e-06, -0.492986, 0.057674, -0.868123, 0.000946, 0.166052, 0.985696, -0.028812, 0.823551, 0.0, 0.0, 0.0, 1.0],
                [0.849666, -0.176666, -0.496847, -5e-06, -0.495584, 0.054414, -0.866854, 0.000946, 0.180179, 0.982766, -0.041319, 0.823689, 0.0, 0.0, 0.0, 1.0],
                [0.845485, -0.193137, -0.497849, -5e-06, -0.497964, 0.05152, -0.865666, 0.000946, 0.192841, 0.979818, -0.052616, 0.823814, 0.0, 0.0, 0.0, 1.0],
                [0.841669, -0.207432, -0.498564, -5e-06, -0.500062, 0.049037, -0.8646, 0.000946, 0.203794, 0.97702, -0.062455, 0.823923, 0.0, 0.0, 0.0, 1.0],
                [0.838391, -0.219216, -0.499045, -5e-06, -0.501815, 0.047012, -0.863696, 0.000946, 0.212797, 0.974543, -0.070591, 0.824013, 0.0, 0.0, 0.0, 1.0],
                [0.835822, -0.228161, -0.499345, -5e-06, -0.503161, 0.045488, -0.862994, 0.000946, 0.219615, 0.97256, -0.076782, 0.824082, 0.0, 0.0, 0.0, 1.0],
                [0.833858, -0.234849, -0.499527, -5e-06, -0.504172, 0.044354, -0.862464, 0.000946, 0.224705, 0.971019, -0.08142, 0.824133, 0.0, 0.0, 0.0, 1.0],
                [0.83226, -0.240194, -0.499649, -5e-06, -0.504984, 0.043452, -0.862034, 0.000946, 0.228767, 0.969752, -0.085131, 0.824174, 0.0, 0.0, 0.0, 1.0],
                [0.830987, -0.24436, -0.499748, -5e-06, -0.505637, 0.042758, -0.861686, 0.000946, 0.23193, 0.968741, -0.088026, 0.824206, 0.0, 0.0, 0.0, 1.0],
                [0.829991, -0.247507, -0.499855, -5e-06, -0.506171, 0.042248, -0.861398, 0.000946, 0.23432, 0.967964, -0.090215, 0.82423, 0.0, 0.0, 0.0, 1.0],
                [0.829219, -0.249797, -0.499997, -5e-06, -0.506626, 0.041902, -0.861147, 0.000946, 0.236063, 0.967391, -0.091808, 0.824248, 0.0, 0.0, 0.0, 1.0],
                [0.828616, -0.251389, -0.500199, -5e-06, -0.507044, 0.041697, -0.860911, 0.000946, 0.23728, 0.966988, -0.092914, 0.824259, 0.0, 0.0, 0.0, 1.0],
                [0.828126, -0.252439, -0.500482, -5e-06, -0.507464, 0.041614, -0.860668, 0.000946, 0.238093, 0.966717, -0.093642, 0.824266, 0.0, 0.0, 0.0, 1.0],
                [0.827688, -0.253106, -0.500869, -5e-06, -0.507929, 0.041631, -0.860392, 0.000946, 0.238623, 0.966542, -0.094102, 0.82427, 0.0, 0.0, 0.0, 1.0],
                [0.827244, -0.253547, -0.501379, -5e-06, -0.50848, 0.041729, -0.860062, 0.000946, 0.238988, 0.966423, -0.094403, 0.824271, 0.0, 0.0, 0.0, 1.0],
                [0.826733, -0.253917, -0.502035, -5e-06, -0.50916, 0.041889, -0.859652, 0.000946, 0.23931, 0.966318, -0.094653, 0.824271, 0.0, 0.0, 0.0, 1.0],
                [0.885432, -0.2366, -0.400039, -5e-06, -0.399199, 0.053637, -0.915294, 0.040858, 0.238015, 0.970126, -0.046959, 0.813139, 0.0, 0.0, 0.0, 1.0],
                [0.973072, -0.199451, -0.115544, -5e-06, -0.098886, 0.091587, -0.990875, 0.136033, 0.208213, 0.975618, 0.069397, 0.786593, 0.0, 0.0, 0.0, 1.0],
                [0.951845, -0.17148, 0.254136, -5e-06, 0.280244, 0.150546, -0.94805, 0.249628, 0.124312, 0.973617, 0.191352, 0.754909, 0.0, 0.0, 0.0, 1.0],
                [0.827636, -0.166547, 0.535986, -5e-06, 0.560695, 0.202301, -0.80293, 0.344803, 0.025295, 0.965058, 0.260813, 0.728362, 0.0, 0.0, 0.0, 1.0],
                [0.745372, -0.170745, 0.644412, -5e-06, 0.666307, 0.221756, -0.71194, 0.384714, -0.021342, 0.960037, 0.27906, 0.71723, 0.0, 0.0, 0.0, 1.0],
