{
    "animation": [
        {
            "name": "Leg_ik_L",
            "time": [0.0, 0.0167, 0.0333, 0.05, 0.0667, 0.0833, 0.1, 0.1167, 0.1333, 0.15, 0.1667, 0.1833, 0.2, 0.2167, 0.2333, 0.25, 0.2667, 0.2833, 0.3, 0.3167, 0.3333, 0.35, 0.3667, 0.3833, 0.4, 0.4167, 0.4333, 0.45, 0.4667, 0.4833, 0.5, 0.5167, 0.5333, 0.55, 0.5667, 0.5833, 0.6, 0.6167, 0.6333, 0.65, 0.6667, 0.6833, 0.7, 0.7167, 0.7333, 0.75, 0.7667, 0.7833, 0.8, 0.8167, 0.8333, 0.85, 0.8667, 0.8833, 0.9, 0.9167, 0.9333, 0.95, 0.9667, 0.9833, 1.0, 1.0167, 1.0333, 1.05, 1.0667, 1.0833, 1.1, 1.1167, 1.1333, 1.15, 1.1667, 1.1833, 1.2, 1.2167, 1.2333, 1.25, 1.2667, 1.2833, 1.3, 1.3167, 1.3333, 1.35, 1.3667, 1.3833, 1.4, 1.4167, 1.4333, 1.45, 1.4667, 1.4833, 1.5, 1.5167, 1.5333, 1.55, 1.5667, 1.5833, 1.6, 1.6167, 1.6333, 1.65, 1.6667, 1.6833, 1.7, 1.7167, 1.7333, 1.75, 1.7667, 1.7833, 1.8, 1.8167, 1.8333],
            "transform": [
                [1.0, 0.0, 1e-06, -0.259279, 0.0, 1.0, 0.0, -0.036766, -1e-06, 0.0, 1.0, 0.25255, 0.0, 0.0, 0.0, 1.0],
                [1.0, 0.0, 1e-06, -0.258912, 0.0, 1.0, 0.0, -0.035882, -1e-06, 0.0, 1.0, 0.25209, 0.0, 0.0, 0.0, 1.0],
                [1.0, 0.0, 1e-06, -0.257859, 0.0, 1.0, 0.0, -0.033351, -1e-06, 0.0, 1.0, 0.250773, 0.0, 0.0, 0.0, 1.0],
                [1.0, 0.0, 1e-06, -0.256199, 0.0, 1.0, 0.0, -0.029357, -1e-06, 0.0, 1.0, 0.248694, 0.0, 0.0, 0.0, 1.0],
                [1.0, 0.0, 1e-06, -0.254006, 0.0, 1.0, 0.0, -0.024082, -1e-06, 0.0, 1.0, 0.245948, 0.0, 0.0, 0.0, 1.0],
                [1.0, 0.0, 1e-06, -0.251356, 0.0, 1.0, 0.0, -0.01771, -1e-06, 0.0, 1.0, 0.242631, 0.0, 0.0, 0.0, 1.0],
                [1.0, 0.0, 1e-06, -0.248326, 0.0, 1.0, 0.0, -0.010422, -1e-06, 0.0, 1.0, 0.238838, 0.0, 0.0, 0.0, 1.0],
                [1.0, 0.0, 1e-06, -0.244992, 0.0, 1.0, 0.0, -0.002403, -1e-06, 0.0, 1.0, 0.234664, 0.0, 0.0, 0.0, 1.0],
                [1.0, 0.0, 1e-06, -0.24143, 0.0, 1.0, 0.0, 0.006164, -1e-06, 0.0, 1.0, 0.230205, 0.0, 0.0, 0.0, 1.0],
                [1.0, 0.0, 1e-06, -0.237716, 0.0, 1.0, 0.0, 0.015098, -1e-06, 0.0, 1.0, 0.225555, 0.0, 0.0, 0.0, 1.0],
                [1.0, 0.0, 1e-06, -0.233925, 0.0, 1.0, 0.0, 0.024215, -1e-06, 0.0, 1.0, 0.220809, 0.0, 0.0, 0.0, 1.0],
                [1.0, 0.0, 1e-06, -0.230135, 0.0, 1.0, 0.0, 0.033331, -1e-06, 0.0, 1.0, 0.216064, 0.0, 0.0, 0.0, 1.0],
                [1.0, 0.0, 1e-06, -0.22642, 0.0, 1.0, 0.0, 0.042265, -1e-06, 0.0, 1.0, 0.211414, 0.0, 0.0, 0.0, 1.0],
                [1.0, 0.0, 1e-06, -0.222858, 0.0, 1.0, 0.0, 0.050832, -1e-06, 0.0, 1.0, 0.206955, 0.0, 0.0, 0.0, 1.0],
                [1.0, 0.0, 1e-06, -0.219524, 0.0, 1.0, 0.0, 0.058851, -1e-06, 0.0, 1.0, 0.202781, 0.0, 0.0, 0.0, 1.0],
                [1.0, 0.0, 1e-06, -0.216494, 0.0, 1.0, 0.0, 0.066139, -1e-06, 0.0, 1.0, 0.198988, 0.0, 0.0, 0.0, 1.0],
                [1.0, 0.0, 1e-06, -0.213845, 0.0, 1.0, 0.0, 0.072511, -1e-06, 0.0, 1.0, 0.195671, 0.0, 0.0, 0.0, 1.0],
                [1.0, 0.0, 1e-06, -0.211652, 0.0, 1.0, 0.0, 0.077786, -1e-06, 0.0, 1.0, 0.192925, 0.0, 0.0, 0.0, 1.0],
                [1.0, 0.0, 1e-06, -0.209991, 0.0, 1.0, 0.0, 0.08178, -1e-06, 0.0, 1.0, 0.190846, 0.0, 0.0, 0.0, 1.0],
                [1.0, 0.0, 1e-06, -0.208939, 0.0, 1.0, 0.0, 0.084311, -1e-06, 0.0, 1.0, 0.189529, 0.0, 0.0, 0.0, 1.0],
                [1.0, 0.0, 1e-06, -0.208571, 0.0, 1.0, 0.0, 0.085195, -1e-06, 0.0, 1.0, 0.189069, 0.0, 0.0, 0.0, 1.0],
                [1.0, 0.0, 1e-06, -0.208571, 0.0, 1.0, 0.0, 0.085195, -1e-06, 0.0, 1.0, 0.189069, 0.0, 0.0, 0.0, 1.0],
                [1.0, 0.0, 1e-06, -0.208571, 0.0, 1.0, 0.0, 0.085195, -1e-06, 0.0, 1.0, 0.189069, 0.0, 0.0, 0.0, 1.0],
                [1.0, 0.0, 1e-06, -0.208571, 0.0, 1.0, 0.0, 0.085195, -1e-06, 0.0, 1.0, 0.189069, 0.0, 0.0, 0.0, 1.0],
                [1.0, 0.0, 1e-06, -0.208571, 0.0, 1.0, 0.0, 0.085195, -1e-06, 0.0, 1.0, 0.189069, 0.0, 0.0, 0.0, 1.0],
                [1.0, 0.0, 1e-06, -0.208571, 0.0, 1.0, 0.0, 0.085195, -1e-06, 0.0, 1.0, 0.189069, 0.0, 0.0, 0.0, 1.0],
                [1.0, 0.0, 1e-06, -0.208571, 0.0, 1.0, 0.0, 0.085195, -1e-06, 0.0, 1.0, 0.189069, 0.0, 0.0, 0.0, 1.0],
                [1.0, 0.0, 1e-06, -0.208571, 0.0, 1.0, 0.0, 0.085195, -1e-06, 0.0, 1.0, 0.189069, 0.0, 0.0, 0.0, 1.0],
                [1.0, 0.0, 1e-06, -0.208571, 0.0, 1.0, 0.0, 0.085195, -1e-06, 0.0, 1.0, 0.189069, 0.0, 0.0, 0.0, 1.0],
                [1.0, 0.0, 1e-06, -0.208571, 0.0, 1.0, 0.0, 0.085195, -1e-06, 0.0, 1.0, 0.189069, 0.0, 0.0, 0.0, 1.0],
                [1.0, 0.0, 1e-06, -0.208571, 0.0, 1.0, 0.0, 0.085195, -1e-06, 0.0, 1.0, 0.189069, 0.0, 0.0, 0.0, 1.0],
                [1.0, 0.0, 1e-06, -0.208571, 0.0, 1.0, 0.0, 0.085195, -1e-06, 0.0, 1.0, 0.189069, 0.0, 0.0, 0.0, 1.0],
                [1.0, 0.0, 1e-06, -0.208571, 0.0, 1.0, 0.0, 0.085195, -1e-06, 0.0, 1.0, 0.189069, 0.0, 0.0, 0.0, 1.0],
                [1.0, 0.0, 1e-06, -0.208571, 0.0, 1.0, 0.0, 0.085195, -1e-06, 0.0, 1.0, 0.189069, 0.0, 0.0, 0.0, 1.0],
                [1.0, 0.0, 1e-06, -0.208571, 0.0, 1.0, 0.0, 0.085195, -1e-06, 0.0, 1.0, 0.189069, 0.0, 0.0, 0.0, 1.0],
                [1.0, 0.0, 1e-06, -0.208571, 0.0, 1.0, 0.0, 0.085195, -1e-06, 0.0, 1.0, 0.189069, 0.0, 0.0, 0.0, 1.0],
                [1.0, 0.0, 1e-06, -0.208571, 0.0, 1.0, 0.0, 0.085195, -1e-06, 0.0, 1.0, 0.189069, 0.0, 0.0, 0.0, 1.0],
                [1.0, 0.0, 1e-06, -0.208571, 0.0, 1.0, 0.0, 0.085195, -1e-06, 0.0, 1.0, 0.189069, 0.0, 0.0, 0.0, 1.0],
                [1.0, 0.0, 1e-06, -0.208571, 0.0, 1.0, 0.0, 0.085195, -1e-06, 0.0, 1.0, 0.189069, 0.0, 0.0, 0.0, 1.0],
                [1.0, 0.0, 1e-06, -0.208571, 0.0, 1.0, 0.0, 0.085195, -1e-06, 0.0, 1.0, 0.189069, 0.0, 0.0, 0.0, 1.0],
                [1.0, 0.0, 1e-06, -0.208571, 0.0, 1.0, 0.0, 0.085195, -1e-06, 0.0, 1.0, 0.189069, 0.0, 0.0, 0.0, 1.0],
                [1.0, 0.0, 1e-06, -0.208571, 0.0, 1.0, 0.0, 0.085195, -1e-06, 0.0, 1.0, 0.189069, 0.0, 0.0, 0.0, 1.0],
                [1.0, 0.0, 1e-06, -0.208571, 0.0, 1.0, 0.0, 0.085195, -1e-06, 0.0, 1.0, 0.189069, 0.0, 0.0, 0.0, 1.0],
                [1.0, 0.0, 1e-06, -0.208571, 0.0, 1.0, 0.0, 0.085195, -1e-06, 0.0, 1.0, 0.189069, 0.0, 0.0, 0.0, 1.0],
                [1.0, 0.0, 1e-06, -0.208571, 0.0, 1.0, 0.0, 0.085195, -1e-06, 0.0, 1.0, 0.189069, 0.0, 0.0, 0.0, 1.0],
                [1.0, 0.0, 1e-06, -0.208571, 0.0, 1.0, 0.0, 0.085195, -1e-06, 0.0, 1.0, 0.189069, 0.0, 0.0, 0.0, 1.0],
                [1.0, 0.0, 1e-06, -0.208571, 0.0, 1.0, 0.0, 0.085195, -1e-06, 0.0, 1.0, 0.189069, 0.0, 0.0, 0.0, 1.0],
                [1.0, 0.0, 1e-06, -0.208571, 0.0, 1.0, 0.0, 0.085195, -1e-06, 0.0, 1.0, 0.189069, 0.0, 0.0, 0.0, 1.0],
                [1.0, 0.0, 1e-06, -0.208571, 0.0, 1.0, 0.0, 0.085195, -1e-06, 0.0, 1.0, 0.189069, 0.0, 0.0, 0.0, 1.0],
                [1.0, 0.0, 1e-06, -0.208571, 0.0, 1.0, 0.0, 0.085195, -1e-06, 0.0, 1.0, 0.189069, 0.0, 0.0, 0.0, 1.0],
                [1.0, 0.0, 1e-06, -0.208571, 0.0, 1.0, 0.0, 0.085195, -1e-06, 0.0, 1.0, 0.189069, 0.0, 0.0, 0.0, 1.0],
                [1.0, 0.0, 1e-06, -0.208613, 0.0, 1.0, 0.0, 0.085083, -1e-06, 0.0, 1.0, 0.189056, 0.0, 0.0, 0.0, 1.0],
                [1.0, 0.0, 1e-06, -0.208737, 0.0, 1.0, 0.0, 0.084752, -1e-06, 0.0, 1.0, 0.189016, 0.0, 0.0, 0.0, 1.0],
                [1.0, 0.0, 1e-06, -0.208939, 0.0, 1.0, 0.0, 0.08421, -1e-06, 0.0, 1.0, 0.188951, 0.0, 0.0, 0.0, 1.0],
                [1.0, 0.0, 1e-06, -0.209217, 0.0, 1.0, 0.0, 0.083464, -1e-06, 0.0, 1.0, 0.188862, 0.0, 0.0, 0.0, 1.0],
                [1.0, 0.0, 1e-06, -0.209569, 0.0, 1.0, 0.0, 0.082522, -1e-06, 0.0, 1.0, 0.188749, 0.0, 0.0, 0.0, 1.0],
                [1.0, 0.0, 1e-06, -0.209991, 0.0, 1.0, 0.0, 0.081391, -1e-06, 0.0, 1.0, 0.188614, 0.0, 0.0, 0.0, 1.0],
                [1.0, 0.0, 1e-06, -0.210481, 0.0, 1.0, 0.0, 0.080079, -1e-06, 0.0, 1.0, 0.188457, 0.0, 0.0, 0.0, 1.0],
                [1.0, 0.0, 1e-06, -0.211035, 0.0, 1.0, 0.0, 0.078594, -1e-06, 0.0, 1.0, 0.18828, 0.0, 0.0, 0.0, 1.0],
                [1.0, 0.0, 1e-06, -0.211652, 0.0, 1.0, 0.0, 0.076942, -1e-06, 0.0, 1.0, 0.188082, 0.0, 0.0, 0.0, 1.0],
                [1.0, 0.0, 1e-06, -0.212327, 0.0, 1.0, 0.0, 0.075132, -1e-06, 0.0, 1.0, 0.187866, 0.0, 0.0, 0.0, 1.0],
                [1.0, 0.0, 1e-06, -0.213059, 0.0, 1.0, 0.0, 0.073171, -1e-06, 0.0, 1.0, 0.187631, 0.0, 0.0, 0.0, 1.0],
                [1.0, 0.0, 1e-06, -0.213845, 0.0, 1.0, 0.0, 0.071067, -1e-06, 0.0, 1.0, 0.18738, 0.0, 0.0, 0.0, 1.0],
                [1.0, 0.0, 1e-06, -0.214681, 0.0, 1.0, 0.0, 0.068827, -1e-06, 0.0, 1.0, 0.187112, 0.0, 0.0, 0.0, 1.0],
                [1.0, 0.0, 1e-06, -0.215565, 0.0, 1.0, 0.0, 0.066458, -1e-06, 0.0, 1.0, 0.186829, 0.0, 0.0, 0.0, 1.0],
                [1.0, 0.0, 1e-06, -0.216494, 0.0, 1.0, 0.0, 0.063969, -1e-06, 0.0, 1.0, 0.186531, 0.0, 0.0, 0.0, 1.0],
                [1.0, 0.0, 1e-06, -0.217466, 0.0, 1.0, 0.0, 0.061367, -1e-06, 0.0, 1.0, 0.18622, 0.0, 0.0, 0.0, 1.0],
                [1.0, 0.0, 1e-06, -0.218477, 0.0, 1.0, 0.0, 0.058659, -1e-06, 0.0, 1.0, 0.185896, 0.0, 0.0, 0.0, 1.0],
                [1.0, 0.0, 1e-06, -0.219524, 0.0, 1.0, 0.0, 0.055852, -1e-06, 0.0, 1.0, 0.185561, 0.0, 0.0, 0.0, 1.0],
                [1.0, 0.0, 1e-06, -0.220605, 0.0, 1.0, 0.0, 0.052956, -1e-06, 0.0, 1.0, 0.185214, 0.0, 0.0, 0.0, 1.0],
                [1.0, 0.0, 1e-06, -0.221718, 0.0, 1.0, 0.0, 0.049976, -1e-06, 0.0, 1.0, 0.184858, 0.0, 0.0, 0.0, 1.0],
                [1.0, 0.0, 1e-06, -0.222858, 0.0, 1.0, 0.0, 0.046921, -1e-06, 0.0, 1.0, 0.184493, 0.0, 0.0, 0.0, 1.0],
                [1.0, 0.0, 1e-06, -0.224024, 0.0, 1.0, 0.0, 0.043797, -1e-06, 0.0, 1.0, 0.184119, 0.0, 0.0, 0.0, 1.0],
                [1.0, 0.0, 1e-06, -0.225212, 0.0, 1.0, 0.0, 0.040614, -1e-06, 0.0, 1.0, 0.183739, 0.0, 0.0, 0.0, 1.0],
                [1.0, 0.0, 1e-06, -0.22642, 0.0, 1.0, 0.0, 0.037377, -1e-06, 0.0, 1.0, 0.183352, 0.0, 0.0, 0.0, 1.0],
                [1.0, 0.0, 1e-06, -0.227645, 0.0, 1.0, 0.0, 0.034096, -1e-06, 0.0, 1.0, 0.18296, 0.0, 0.0, 0.0, 1.0],
                [1.0, 0.0, 1e-06, -0.228885, 0.0, 1.0, 0.0, 0.030776, -1e-06, 0.0, 1.0, 0.182563, 0.0, 0.0, 0.0, 1.0],
                [1.0, 0.0, 1e-06, -0.230135, 0.0, 1.0, 0.0, 0.027427, -1e-06, 0.0, 1.0, 0.182162, 0.0, 0.0, 0.0, 1.0],
                [1.0, 0.0, 1e-06, -0.231394, 0.0, 1.0, 0.0, 0.024055, -1e-06, 0.0, 1.0, 0.181759, 0.0, 0.0, 0.0, 1.0],
                [1.0, 0.0, 1e-06, -0.232658, 0.0, 1.0, 0.0, 0.020667, -1e-06, 0.0, 1.0, 0.181354, 0.0, 0.0, 0.0, 1.0],
                [1.0, 0.0, 1e-06, -0.233925, 0.0, 1.0, 0.0, 0.017272, -1e-06, 0.0, 1.0, 0.180948, 0.0, 0.0, 0.0, 1.0],
                [1.0, 0.0, 1e-06, -0.235192, 0.0, 1.0, 0.0, 0.013878, -1e-06, 0.0, 1.0, 0.180542, 0.0, 0.0, 0.0, 1.0],
                [1.0, 0.0, 1e-06, -0.236457, 0.0, 1.0, 0.0, 0.01049, -1e-06, 0.0, 1.0, 0.180137, 0.0, 0.0, 0.0, 1.0],
                [1.0, 0.0, 1e-06, -0.237716, 0.0, 1.0, 0.0, 0.007118, -1e-06, 0.0, 1.0, 0.179734, 0.0, 0.0, 0.0, 1.0],
                [1.0, 0.0, 1e-06, -0.238966, 0.0, 1.0, 0.0, 0.003768, -1e-06, 0.0, 1.0, 0.179334, 0.0, 0.0, 0.0, 1.0],
                [1.0, 0.0, 1e-06, -0.240205, 0.0, 1.0, 0.0, 0.000449, -1e-06, 0.0, 1.0, 0.178937, 0.0, 0.0, 0.0, 1.0],
                [1.0, 0.0, 1e-06, -0.24143, 0.0, 1.0, 0.0, -0.002833, -1e-06, 0.0, 1.0, 0.178544, 0.0, 0.0, 0.0, 1.0],
                [1.0, 0.0, 1e-06, -0.242638, 0.0, 1.0, 0.0, -0.006069, -1e-06, 0.0, 1.0, 0.178158, 0.0, 0.0, 0.0, 1.0],
                [1.0, 0.0, 1e-06, -0.243826, 0.0, 1.0, 0.0, -0.009253, -1e-06, 0.0, 1.0, 0.177777, 0.0, 0.0, 0.0, 1.0],
                [1.0, 0.0, 1e-06, -0.244992, 0.0, 1.0, 0.0, -0.012376, -1e-06, 0.0, 1.0, 0.177403, 0.0, 0.0, 0.0, 1.0],
                [1.0, 0.0, 1e-06, -0.246133, 0.0, 1.0, 0.0, -0.015431, -1e-06, 0.0, 1.0, 0.177038, 0.0, 0.0, 0.0, 1.0],
                [1.0, 0.0, 1e-06, -0.247245, 0.0, 1.0, 0.0, -0.018411, -1e-06, 0.0, 1.0, 0.176682, 0.0, 0.0, 0.0, 1.0],
                [1.0, 0.0, 1e-06, -0.248326, 0.0, 1.0, 0.0, -0.021308, -1e-06, 0.0, 1.0, 0.176336, 0.0, 0.0, 0.0, 1.0],
                [1.0, 0.0, 1e-06, -0.249374, 0.0, 1.0, 0.0, -0.024114, -1e-06, 0.0, 1.0, 0.176, 0.0, 0.0, 0.0, 1.0],
                [1.0, 0.0, 1e-06, -0.250385, 0.0, 1.0, 0.0, -0.026822, -1e-06, 0.0, 1.0, 0.175676, 0.0, 0.0, 0.0, 1.0],
                [1.0, 0.0, 1e-06, -0.251356, 0.0, 1.0, 0.0, -0.029424, -1e-06, 0.0, 1.0, 0.175365, 0.0, 0.0, 0.0, 1.0],
                [1.0, 0.0, 1e-06, -0.252285, 0.0, 1.0, 0.0, -0.031914, -1e-06, 0.0, 1.0, 0.175068, 0.0, 0.0, 0.0, 1.0],
                [1.0, 0.0, 1e-06, -0.253169, 0.0, 1.0, 0.0, -0.034282, -1e-06, 0.0, 1.0, 0.174784, 0.0, 0.0, 0.0, 1.0],
                [1.0, 0.0, 1e-06, -0.254006, 0.0, 1.0, 0.0, -0.036522, -1e-06, 0.0, 1.0, 0.174517, 0.0, 0.0, 0.0, 1.0],
                [1.0, 0.0, 1e-06, -0.254791, 0.0, 1.0, 0.0, -0.038627, -1e-06, 0.0, 1.0, 0.174265, 0.0, 0.0, 0.0, 1.0],
                [1.0, 0.0, 1e-06, -0.255523, 0.0, 1.0, 0.0, -0.040588, -1e-06, 0.0, 1.0, 0.174031, 0.0, 0.0, 0.0, 1.0],
                [1.0, 0.0, 1e-06, -0.256199, 0.0, 1.0, 0.0, -0.042398, -1e-06, 0.0, 1.0, 0.173814, 0.0, 0.0, 0.0, 1.0],
                [1.0, 0.0, 1e-06, -0.256815, 0.0, 1.0, 0.0, -0.044049, -1e-06, 0.0, 1.0, 0.173617, 0.0, 0.0, 0.0, 1.0],
                [1.0, 0.0, 1e-06, -0.25737, 0.0, 1.0, 0.0, -0.045535, -1e-06, 0.0, 1.0, 0.173439, 0.0, 0.0, 0.0, 1.0],
                [1.0, 0.0, 1e-06, -0.257859, 0.0, 1.0, 0.0, -0.046847, -1e-06, 0.0, 1.0, 0.173282, 0.0, 0.0, 0.0, 1.0],
                [1.0, 0.0, 1e-06, -0.258281, 0.0, 1.0, 0.0, -0.047977, -1e-06, 0.0, 1.0, 0.173147, 0.0, 0.0, 0.0, 1.0],
                [1.0, 0.0, 1e-06, -0.258633, 0.0, 1.0, 0.0, -0.048919, -1e-06, 0.0, 1.0, 0.173034, 0.0, 0.0, 0.0, 1.0],
                [1.0, 0.0, 1e-06, -0.258912, 0.0, 1.0, 0.0, -0.049665, -1e-06, 0.0, 1.0, 0.172945, 0.0, 0.0, 0.0, 1.0],
                [1.0, 0.0, 1e-06, -0.259114, 0.0, 1.0, 0.0, -0.050207, -1e-06, 0.0, 1.0, 0.17288, 0.0, 0.0, 0.0, 1.0],
                [1.0, 0.0, 1e-06, -0.259237, 0.0, 1.0, 0.0, -0.050538, -1e-06, 0.0, 1.0, 0.172841, 0.0, 0.0, 0.0, 1.0],
                [1.0, 0.0, 1e-06, -0.259279, 0.0, 1.0, 0.0, -0.05065, -1e-06, 0.0, 1.0, 0.172827, 0.0, 0.0, 0.0, 1.0]
            ]
        },
        {
            "name": "Leg_ik_R",
            "time": [0.0, 0.0167, 0.0333, 0.05, 0.0667, 0.0833, 0.1, 0.1167, 0.1333, 0.15, 0.1667, 0.1833, 0.2, 0.2167, 0.2333, 0.25, 0.2667, 0.2833, 0.3, 0.3167, 0.3333, 0.35, 0.3667, 0.3833, 0.4, 0.4167, 0.4333, 0.45, 0.4667, 0.4833, 0.5, 0.5167, 0.5333, 0.55, 0.5667, 0.5833, 0.6, 0.6167, 0.6333, 0.65, 0.6667, 0.6833, 0.7, 0.7167, 0.7333, 0.75, 0.7667, 0.7833, 0.8, 0.8167, 0.8333, 0.85, 0.8667, 0.8833, 0.9, 0.9167, 0.9333, 0.95, 0.9667, 0.9833, 1.0, 1.0167, 1.0333, 1.05, 1.0667, 1.0833, 1.1, 1.1167, 1.1333, 1.15, 1.1667, 1.1833, 1.2, 1.2167, 1.2333, 1.25, 1.2667, 1.2833, 1.3, 1.3167, 1.3333, 1.35, 1.3667, 1.3833, 1.4, 1.4167, 1.4333, 1.45, 1.4667, 1.4833, 1.5, 1.5167, 1.5333, 1.55, 1.5667, 1.5833, 1.6, 1.6167, 1.6333, 1.65, 1.6667, 1.6833, 1.7, 1.7167, 1.7333, 1.75, 1.7667, 1.7833, 1.8, 1.8167, 1.8333],
            "transform": [
                [1.0, 0.0, -1e-06, 0.226538, 0.0, 1.0, 0.0, -0.648904, 1e-06, 0.0, 1.0, 0.274702, 0.0, 0.0, 0.0, 1.0],
                [1.0, 0.0, -1e-06, 0.226417, 0.0, 1.0, 0.0, -0.64531, 1e-06, 0.0, 1.0, 0.273443, 0.0, 0.0, 0.0, 1.0],
                [1.0, 0.0, -1e-06, 0.226071, 0.0, 1.0, 0.0, -0.635023, 1e-06, 0.0, 1.0, 0.269838, 0.0, 0.0, 0.0, 1.0],
                [1.0, 0.0, -1e-06, 0.225525, 0.0, 1.0, 0.0, -0.618788, 1e-06, 0.0, 1.0, 0.264149, 0.0, 0.0, 0.0, 1.0],
                [1.0, 0.0, -1e-06, 0.224804, 0.0, 1.0, 0.0, -0.597347, 1e-06, 0.0, 1.0, 0.256636, 0.0, 0.0, 0.0, 1.0],
                [1.0, 0.0, -1e-06, 0.223933, 0.0, 1.0, 0.0, -0.571445, 1e-06, 0.0, 1.0, 0.247559, 0.0, 0.0, 0.0, 1.0],
                [1.0, 0.0, -1e-06, 0.222936, 0.0, 1.0, 0.0, -0.541824, 1e-06, 0.0, 1.0, 0.237179, 0.0, 0.0, 0.0, 1.0],
                [1.0, 0.0, -1e-06, 0.22184, 0.0, 1.0, 0.0, -0.509229, 1e-06, 0.0, 1.0, 0.225757, 0.0, 0.0, 0.0, 1.0],
                [1.0, 0.0, -1e-06, 0.220669, 0.0, 1.0, 0.0, -0.474404, 1e-06, 0.0, 1.0, 0.213553, 0.0, 0.0, 0.0, 1.0],
                [1.0, 0.0, -1e-06, 0.219447, 0.0, 1.0, 0.0, -0.438091, 1e-06, 0.0, 1.0, 0.200828, 0.0, 0.0, 0.0, 1.0],
                [1.0, 0.0, -1e-06, 0.218201, 0.0, 1.0, 0.0, -0.401034, 1e-06, 0.0, 1.0, 0.187843, 0.0, 0.0, 0.0, 1.0],
                [1.0, 0.0, -1e-06, 0.216955, 0.0, 1.0, 0.0, -0.363977, 1e-06, 0.0, 1.0, 0.174857, 0.0, 0.0, 0.0, 1.0],
                [1.0, 0.0, -1e-06, 0.215733, 0.0, 1.0, 0.0, -0.327665, 1e-06, 0.0, 1.0, 0.162132, 0.0, 0.0, 0.0, 1.0],
                [1.0, 0.0, -1e-06, 0.214562, 0.0, 1.0, 0.0, -0.292839, 1e-06, 0.0, 1.0, 0.149929, 0.0, 0.0, 0.0, 1.0],
                [1.0, 0.0, -1e-06, 0.213466, 0.0, 1.0, 0.0, -0.260244, 1e-06, 0.0, 1.0, 0.138506, 0.0, 0.0, 0.0, 1.0],
                [1.0, 0.0, -1e-06, 0.21247, 0.0, 1.0, 0.0, -0.230623, 1e-06, 0.0, 1.0, 0.128127, 0.0, 0.0, 0.0, 1.0],
                [1.0, 0.0, -1e-06, 0.211598, 0.0, 1.0, 0.0, -0.204721, 1e-06, 0.0, 1.0, 0.11905, 0.0, 0.0, 0.0, 1.0],
                [1.0, 0.0, -1e-06, 0.210877, 0.0, 1.0, 0.0, -0.18328, 1e-06, 0.0, 1.0, 0.111537, 0.0, 0.0, 0.0, 1.0],
                [1.0, 0.0, -1e-06, 0.210331, 0.0, 1.0, 0.0, -0.167045, 1e-06, 0.0, 1.0, 0.105847, 0.0, 0.0, 0.0, 1.0],
                [1.0, 0.0, -1e-06, 0.209985, 0.0, 1.0, 0.0, -0.156758, 1e-06, 0.0, 1.0, 0.102243, 0.0, 0.0, 0.0, 1.0],
                [1.0, 0.0, -1e-06, 0.209864, 0.0, 1.0, 0.0, -0.153164, 1e-06, 0.0, 1.0, 0.100983, 0.0, 0.0, 0.0, 1.0],
                [1.0, 0.0, -1e-06, 0.209864, 0.0, 1.0, 0.0, -0.153164, 1e-06, 0.0, 1.0, 0.100983, 0.0, 0.0, 0.0, 1.0],
                [1.0, 0.0, -1e-06, 0.209864, 0.0, 1.0, 0.0, -0.153164, 1e-06, 0.0, 1.0, 0.100983, 0.0, 0.0, 0.0, 1.0],
                [1.0, 0.0, -1e-06, 0.209864, 0.0, 1.0, 0.0, -0.153164, 1e-06, 0.0, 1.0, 0.100983, 0.0, 0.0, 0.0, 1.0],
                [1.0, 0.0, -1e-06, 0.209864, 0.0, 1.0, 0.0, -0.153164, 1e-06, 0.0, 1.0, 0.100983, 0.0, 0.0, 0.0, 1.0],
                [1.0, 0.0, -1e-06, 0.209864, 0.0, 1.0, 0.0, -0.153164, 1e-06, 0.0, 1.0, 0.100983, 0.0, 0.0, 0.0, 1.0],
                [1.0, 0.0, -1e-06, 0.209864, 0.0, 1.0, 0.0, -0.153164, 1e-06, 0.0, 1.0, 0.100983, 0.0, 0.0, 0.0, 1.0],
                [1.0, 0.0, -1e-06, 0.209864, 0.0, 1.0, 0.0, -0.153164, 1e-06, 0.0, 1.0, 0.100983, 0.0, 0.0, 0.0, 1.0],
                [1.0, 0.0, -1e-06, 0.209864, 0.0, 1.0, 0.0, -0.153164, 1e-06, 0.0, 1.0, 0.100983, 0.0, 0.0, 0.0, 1.0],
                [1.0, 0.0, -1e-06, 0.209864, 0.0, 1.0, 0.0, -0.153164, 1e-06, 0.0, 1.0, 0.100983, 0.0, 0.0, 0.0, 1.0],
                [1.0, 0.0, -1e-06, 0.209864, 0.0, 1.0, 0.0, -0.153164, 1e-06, 0.0, 1.0, 0.100983, 0.0, 0.0, 0.0, 1.0],
                [1.0, 0.0, -1e-06, 0.209864, 0.0, 1.0, 0.0, -0.153164, 1e-06, 0.0, 1.0, 0.100983, 0.0, 0.0, 0.0, 1.0],
                [1.0, 0.0, -1e-06, 0.209864, 0.0, 1.0, 0.0, -0.153164, 1e-06, 0.0, 1.0, 0.100983, 0.0, 0.0, 0.0, 1.0],
                [1.0, 0.0, -1e-06, 0.209864, 0.0, 1.0, 0.0, -0.153164, 1e-06, 0.0, 1.0, 0.100983, 0.0, 0.0, 0.0, 1.0],
                [1.0, 0.0, -1e-06, 0.209864, 0.0, 1.0, 0.0, -0.153164, 1e-06, 0.0, 1.0, 0.100983, 0.0, 0.0, 0.0, 1.0],
                [1.0, 0.0, -1e-06, 0.209864, 0.0, 1.0, 0.0, -0.153164, 1e-06, 0.0, 1.0, 0.100983, 0.0, 0.0, 0.0, 1.0],
                [1.0, 0.0, -1e-06, 0.209864, 0.0, 1.0, 0.0, -0.153164, 1e-06, 0.0, 1.0, 0.100983, 0.0, 0.0, 0.0, 1.0],
                [1.0, 0.0, -1e-06, 0.209864, 0.0, 1.0, 0.0, -0.153164, 1e-06, 0.0, 1.0, 0.100983, 0.0, 0.0, 0.0, 1.0],
                [1.0, 0.0, -1e-06, 0.209864, 0.0, 1.0, 0.0, -0.153164, 1e-06, 0.0, 1.0, 0.100983, 0.0, 0.0, 0.0, 1.0],
                [1.0, 0.0, -1e-06, 0.209864, 0.0, 1.0, 0.0, -0.153164, 1e-06, 0.0, 1.0, 0.100983, 0.0, 0.0, 0.0, 1.0],
                [1.0, 0.0, -1e-06, 0.209864, 0.0, 1.0, 0.0, -0.153164, 1e-06, 0.0, 1.0, 0.100983, 0.0, 0.0, 0.0, 1.0],
                [1.0, 0.0, -1e-06, 0.209864, 0.0, 1.0, 0.0, -0.153164, 1e-06, 0.0, 1.0, 0.100983, 0.0, 0.0, 0.0, 1.0],
                [1.0, 0.0, -1e-06, 0.209864, 0.0, 1.0, 0.0, -0.153164, 1e-06, 0.0, 1.0, 0.100983, 0.0, 0.0, 0.0, 1.0],
                [1.0, 0.0, -1e-06, 0.209864, 0.0, 1.0, 0.0, -0.153164, 1e-06, 0.0, 1.0, 0.100983, 0.0, 0.0, 0.0, 1.0],
                [1.0, 0.0, -1e-06, 0.209864, 0.0, 1.0, 0.0, -0.153164, 1e-06, 0.0, 1.0, 0.100983, 0.0, 0.0, 0.0, 1.0],
                [1.0, 0.0, -1e-06, 0.209864, 0.0, 1.0, 0.0, -0.153164, 1e-06, 0.0, 1.0, 0.100983, 0.0, 0.0, 0.0, 1.0],
                [1.0, 0.0, -1e-06, 0.209864, 0.0, 1.0, 0.0, -0.153164, 1e-06, 0.0, 1.0, 0.100983, 0.0, 0.0, 0.0, 1.0],
                [1.0, 0.0, -1e-06, 0.209864, 0.0, 1.0, 0.0, -0.153164, 1e-06, 0.0, 1.0, 0.100983, 0.0, 0.0, 0.0, 1.0],
                [1.0, 0.0, -1e-06, 0.209864, 0.0, 1.0, 0.0, -0.153164, 1e-06, 0.0, 1.0, 0.100983, 0.0, 0.0, 0.0, 1.0],
                [1.0, 0.0, -1e-06, 0.209864, 0.0, 1.0, 0.0, -0.153164, 1e-06, 0.0, 1.0, 0.100983, 0.0, 0.0, 0.0, 1.0],
                [1.0, 0.0, -1e-06, 0.209864, 0.0, 1.0, 0.0, -0.153164, 1e-06, 0.0, 1.0, 0.100983, 0.0, 0.0, 0.0, 1.0],
                [1.0, 0.0, -1e-06, 0.209878, 0.0, 1.0, 0.0, -0.153061, 1e-06, 0.0, 1.0, 0.101046, 0.0, 0.0, 0.0, 1.0],
                [1.0, 0.0, -1e-06, 0.209919, 0.0, 1.0, 0.0, -0.152758, 1e-06, 0.0, 1.0, 0.101233, 0.0, 0.0, 0.0, 1.0],
                [1.0, 0.0, -1e-06, 0.209985, 0.0, 1.0, 0.0, -0.152261, 1e-06, 0.0, 1.0, 0.101538, 0.0, 0.0, 0.0, 1.0],
                [1.0, 0.0, -1e-06, 0.210077, 0.0, 1.0, 0.0, -0.151577, 1e-06, 0.0, 1.0, 0.101959, 0.0, 0.0, 0.0, 1.0],
                [1.0, 0.0, -1e-06, 0.210193, 0.0, 1.0, 0.0, -0.150714, 1e-06, 0.0, 1.0, 0.10249, 0.0, 0.0, 0.0, 1.0],
                [1.0, 0.0, -1e-06, 0.210331, 0.0, 1.0, 0.0, -0.149677, 1e-06, 0.0, 1.0, 0.103127, 0.0, 0.0, 0.0, 1.0],
                [1.0, 0.0, -1e-06, 0.210492, 0.0, 1.0, 0.0, -0.148475, 1e-06, 0.0, 1.0, 0.103866, 0.0, 0.0, 0.0, 1.0],
                [1.0, 0.0, -1e-06, 0.210675, 0.0, 1.0, 0.0, -0.147113, 1e-06, 0.0, 1.0, 0.104703, 0.0, 0.0, 0.0, 1.0],
                [1.0, 0.0, -1e-06, 0.210877, 0.0, 1.0, 0.0, -0.145599, 1e-06, 0.0, 1.0, 0.105634, 0.0, 0.0, 0.0, 1.0],
                [1.0, 0.0, -1e-06, 0.2111, 0.0, 1.0, 0.0, -0.14394, 1e-06, 0.0, 1.0, 0.106654, 0.0, 0.0, 0.0, 1.0],
                [1.0, 0.0, -1e-06, 0.21134, 0.0, 1.0, 0.0, -0.142143, 1e-06, 0.0, 1.0, 0.10776, 0.0, 0.0, 0.0, 1.0],
                [1.0, 0.0, -1e-06, 0.211598, 0.0, 1.0, 0.0, -0.140214, 1e-06, 0.0, 1.0, 0.108946, 0.0, 0.0, 0.0, 1.0],
                [1.0, 0.0, -1e-06, 0.211873, 0.0, 1.0, 0.0, -0.13816, 1e-06, 0.0, 1.0, 0.110208, 0.0, 0.0, 0.0, 1.0],
                [1.0, 0.0, -1e-06, 0.212164, 0.0, 1.0, 0.0, -0.135989, 1e-06, 0.0, 1.0, 0.111543, 0.0, 0.0, 0.0, 1.0],
                [1.0, 0.0, -1e-06, 0.21247, 0.0, 1.0, 0.0, -0.133708, 1e-06, 0.0, 1.0, 0.112946, 0.0, 0.0, 0.0, 1.0],
                [1.0, 0.0, -1e-06, 0.212789, 0.0, 1.0, 0.0, -0.131322, 1e-06, 0.0, 1.0, 0.114413, 0.0, 0.0, 0.0, 1.0],
                [1.0, 0.0, -1e-06, 0.213121, 0.0, 1.0, 0.0, -0.12884, 1e-06, 0.0, 1.0, 0.115939, 0.0, 0.0, 0.0, 1.0],
                [1.0, 0.0, -1e-06, 0.213466, 0.0, 1.0, 0.0, -0.126268, 1e-06, 0.0, 1.0, 0.11752, 0.0, 0.0, 0.0, 1.0],
                [1.0, 0.0, -1e-06, 0.213821, 0.0, 1.0, 0.0, -0.123612, 1e-06, 0.0, 1.0, 0.119153, 0.0, 0.0, 0.0, 1.0],
                [1.0, 0.0, -1e-06, 0.214187, 0.0, 1.0, 0.0, -0.120881, 1e-06, 0.0, 1.0, 0.120832, 0.0, 0.0, 0.0, 1.0],
                [1.0, 0.0, -1e-06, 0.214562, 0.0, 1.0, 0.0, -0.118081, 1e-06, 0.0, 1.0, 0.122554, 0.0, 0.0, 0.0, 1.0],
                [1.0, 0.0, -1e-06, 0.214945, 0.0, 1.0, 0.0, -0.115218, 1e-06, 0.0, 1.0, 0.124315, 0.0, 0.0, 0.0, 1.0],
                [1.0, 0.0, -1e-06, 0.215336, 0.0, 1.0, 0.0, -0.1123, 1e-06, 0.0, 1.0, 0.126109, 0.0, 0.0, 0.0, 1.0],
                [1.0, 0.0, -1e-06, 0.215733, 0.0, 1.0, 0.0, -0.109333, 1e-06, 0.0, 1.0, 0.127933, 0.0, 0.0, 0.0, 1.0],
                [1.0, 0.0, -1e-06, 0.216136, 0.0, 1.0, 0.0, -0.106325, 1e-06, 0.0, 1.0, 0.129782, 0.0, 0.0, 0.0, 1.0],
                [1.0, 0.0, -1e-06, 0.216544, 0.0, 1.0, 0.0, -0.103282, 1e-06, 0.0, 1.0, 0.131653, 0.0, 0.0, 0.0, 1.0],
                [1.0, 0.0, -1e-06, 0.216955, 0.0, 1.0, 0.0, -0.100212, 1e-06, 0.0, 1.0, 0.133541, 0.0, 0.0, 0.0, 1.0],
                [1.0, 0.0, -1e-06, 0.217369, 0.0, 1.0, 0.0, -0.097121, 1e-06, 0.0, 1.0, 0.135442, 0.0, 0.0, 0.0, 1.0],
                [1.0, 0.0, -1e-06, 0.217784, 0.0, 1.0, 0.0, -0.094016, 1e-06, 0.0, 1.0, 0.137351, 0.0, 0.0, 0.0, 1.0],
                [1.0, 0.0, -1e-06, 0.218201, 0.0, 1.0, 0.0, -0.090904, 1e-06, 0.0, 1.0, 0.139264, 0.0, 0.0, 0.0, 1.0],
                [1.0, 0.0, -1e-06, 0.218618, 0.0, 1.0, 0.0, -0.087792, 1e-06, 0.0, 1.0, 0.141177, 0.0, 0.0, 0.0, 1.0],
                [1.0, 0.0, -1e-06, 0.219034, 0.0, 1.0, 0.0, -0.084688, 1e-06, 0.0, 1.0, 0.143086, 0.0, 0.0, 0.0, 1.0],
                [1.0, 0.0, -1e-06, 0.219447, 0.0, 1.0, 0.0, -0.081596, 1e-06, 0.0, 1.0, 0.144987, 0.0, 0.0, 0.0, 1.0],
                [1.0, 0.0, -1e-06, 0.219859, 0.0, 1.0, 0.0, -0.078526, 1e-06, 0.0, 1.0, 0.146875, 0.0, 0.0, 0.0, 1.0],
                [1.0, 0.0, -1e-06, 0.220266, 0.0, 1.0, 0.0, -0.075484, 1e-06, 0.0, 1.0, 0.148746, 0.0, 0.0, 0.0, 1.0],
                [1.0, 0.0, -1e-06, 0.220669, 0.0, 1.0, 0.0, -0.072475, 1e-06, 0.0, 1.0, 0.150595, 0.0, 0.0, 0.0, 1.0],
                [1.0, 0.0, -1e-06, 0.221066, 0.0, 1.0, 0.0, -0.069509, 1e-06, 0.0, 1.0, 0.152419, 0.0, 0.0, 0.0, 1.0],
                [1.0, 0.0, -1e-06, 0.221457, 0.0, 1.0, 0.0, -0.066591, 1e-06, 0.0, 1.0, 0.154213, 0.0, 0.0, 0.0, 1.0],
                [1.0, 0.0, -1e-06, 0.22184, 0.0, 1.0, 0.0, -0.063728, 1e-06, 0.0, 1.0, 0.155974, 0.0, 0.0, 0.0, 1.0],
                [1.0, 0.0, -1e-06, 0.222215, 0.0, 1.0, 0.0, -0.060927, 1e-06, 0.0, 1.0, 0.157695, 0.0, 0.0, 0.0, 1.0],
                [1.0, 0.0, -1e-06, 0.222581, 0.0, 1.0, 0.0, -0.058196, 1e-06, 0.0, 1.0, 0.159375, 0.0, 0.0, 0.0, 1.0],
                [1.0, 0.0, -1e-06, 0.222936, 0.0, 1.0, 0.0, -0.055541, 1e-06, 0.0, 1.0, 0.161007, 0.0, 0.0, 0.0, 1.0],
                [1.0, 0.0, -1e-06, 0.223281, 0.0, 1.0, 0.0, -0.052969, 1e-06, 0.0, 1.0, 0.162589, 0.0, 0.0, 0.0, 1.0],
                [1.0, 0.0, -1e-06, 0.223613, 0.0, 1.0, 0.0, -0.050486, 1e-06, 0.0, 1.0, 0.164115, 0.0, 0.0, 0.0, 1.0],
                [1.0, 0.0, -1e-06, 0.223933, 0.0, 1.0, 0.0, -0.048101, 1e-06, 0.0, 1.0, 0.165582, 0.0, 0.0, 0.0, 1.0],
                [1.0, 0.0, -1e-06, 0.224238, 0.0, 1.0, 0.0, -0.045819, 1e-06, 0.0, 1.0, 0.166985, 0.0, 0.0, 0.0, 1.0],
                [1.0, 0.0, -1e-06, 0.224529, 0.0, 1.0, 0.0, -0.043648, 1e-06, 0.0, 1.0, 0.16832, 0.0, 0.0, 0.0, 1.0],
                [1.0, 0.0, -1e-06, 0.224804, 0.0, 1.0, 0.0, -0.041595, 1e-06, 0.0, 1.0, 0.169582, 0.0, 0.0, 0.0, 1.0],
                [1.0, 0.0, -1e-06, 0.225062, 0.0, 1.0, 0.0, -0.039666, 1e-06, 0.0, 1.0, 0.170768, 0.0, 0.0, 0.0, 1.0],
                [1.0, 0.0, -1e-06, 0.225303, 0.0, 1.0, 0.0, -0.037868, 1e-06, 0.0, 1.0, 0.171874, 0.0, 0.0, 0.0, 1.0],
                [1.0, 0.0, -1e-06, 0.225525, 0.0, 1.0, 0.0, -0.036209, 1e-06, 0.0, 1.0, 0.172894, 0.0, 0.0, 0.0, 1.0],
                [1.0, 0.0, -1e-06, 0.225728, 0.0, 1.0, 0.0, -0.034695, 1e-06, 0.0, 1.0, 0.173824, 0.0, 0.0, 0.0, 1.0],
                [1.0, 0.0, -1e-06, 0.22591, 0.0, 1.0, 0.0, -0.033334, 1e-06, 0.0, 1.0, 0.174662, 0.0, 0.0, 0.0, 1.0],
                [1.0, 0.0, -1e-06, 0.226071, 0.0, 1.0, 0.0, -0.032131, 1e-06, 0.0, 1.0, 0.175401, 0.0, 0.0, 0.0, 1.0],
                [1.0, 0.0, -1e-06, 0.22621, 0.0, 1.0, 0.0, -0.031095, 1e-06, 0.0, 1.0, 0.176038, 0.0, 0.0, 0.0, 1.0],
                [1.0, 0.0, -1e-06, 0.226325, 0.0, 1.0, 0.0, -0.030231, 1e-06, 0.0, 1.0, 0.176569, 0.0, 0.0, 0.0, 1.0],
                [1.0, 0.0, -1e-06, 0.226417, 0.0, 1.0, 0.0, -0.029547, 1e-06, 0.0, 1.0, 0.17699, 0.0, 0.0, 0.0, 1.0],
                [1.0, 0.0, -1e-06, 0.226483, 0.0, 1.0, 0.0, -0.029051, 1e-06, 0.0, 1.0, 0.177295, 0.0, 0.0, 0.0, 1.0],
                [1.0, 0.0, -1e-06, 0.226524, 0.0, 1.0, 0.0, -0.028747, 1e-06, 0.0, 1.0, 0.177482, 0.0, 0.0, 0.0, 1.0],
                [1.0, 0.0, -1e-06, 0.226538, 0.0, 1.0, 0.0, -0.028645, 1e-06, 0.0, 1.0, 0.177545, 0.0, 0.0, 0.0, 1.0]
            ]
        },
        {
            "name": "Root",
            "time": [0.0, 0.0167, 0.0333, 0.05, 0.0667, 0.0833, 0.1, 0.1167, 0.1333, 0.15, 0.1667, 0.1833, 0.2, 0.2167, 0.2333, 0.25, 0.2667, 0.2833, 0.3, 0.3167, 0.3333, 0.35, 0.3667, 0.3833, 0.4, 0.4167, 0.4333, 0.45, 0.4667, 0.4833, 0.5, 0.5167, 0.5333, 0.55, 0.5667, 0.5833, 0.6, 0.6167, 0.6333, 0.65, 0.6667, 0.6833, 0.7, 0.7167, 0.7333, 0.75, 0.7667, 0.7833, 0.8, 0.8167, 0.8333, 0.85, 0.8667, 0.8833, 0.9, 0.9167, 0.9333, 0.95, 0.9667, 0.9833, 1.0, 1.0167, 1.0333, 1.05, 1.0667, 1.0833, 1.1, 1.1167, 1.1333, 1.15, 1.1667, 1.1833, 1.2, 1.2167, 1.2333, 1.25, 1.2667, 1.2833, 1.3, 1.3167, 1.3333, 1.35, 1.3667, 1.3833, 1.4, 1.4167, 1.4333, 1.45, 1.4667, 1.4833, 1.5, 1.5167, 1.5333, 1.55, 1.5667, 1.5833, 1.6, 1.6167, 1.6333, 1.65, 1.6667, 1.6833, 1.7, 1.7167, 1.7333, 1.75, 1.7667, 1.7833, 1.8, 1.8167, 1.8333],
            "transform": [
                [0.632137, 0.066741, -0.771977, -5e-06, -0.756422, 0.269176, -0.596129, 0.000946, 0.168012, 0.960776, 0.220641, 0.71723, 0.0, 0.0, 0.0, 1.0],
                [0.636892, 0.065469, -0.768168, -5e-06, -0.752815, 0.267674, -0.601349, -0.000886, 0.166249, 0.961283, 0.219766, 0.71723, 0.0, 0.0, 0.0, 1.0],
                [0.650411, 0.061873, -0.757059, -5e-06, -0.742277, 0.263314, -0.616191, -0.006223, 0.161218, 0.962724, 0.217189, 0.717226, 0.0, 0.0, 0.0, 1.0],
                [0.671459, 0.056331, -0.738897, -5e-06, -0.725005, 0.256248, -0.6393, -0.014823, 0.153328, 0.964968, 0.2129, 0.717216, 0.0, 0.0, 0.0, 1.0],
                [0.698659, 0.04928, -0.713756, -5e-06, -0.701014, 0.24658, -0.669162, -0.026443, 0.143022, 0.967869, 0.206821, 0.717195, 0.0, 0.0, 0.0, 1.0],
                [0.730502, 0.041201, -0.681666, -5e-06, -0.670271, 0.234411, -0.704123, -0.040844, 0.13078, 0.971264, 0.198854, 0.717162, 0.0, 0.0, 0.0, 1.0],
                [0.76538, 0.032602, -0.642752, -5e-06, -0.632832, 0.219876, -0.742414, -0.057782, 0.117122, 0.974983, 0.18892, 0.717113, 0.0, 0.0, 0.0, 1.0],
                [0.801626, 0.023994, -0.597343, -5e-06, -0.588955, 0.203178, -0.782209, -0.077017, 0.102598, 0.978848, 0.177004, 0.717044, 0.0, 0.0, 0.0, 1.0],
                [0.837598, 0.015865, -0.546057, -5e-06, -0.53919, 0.184612, -0.821701, -0.098307, 0.087773, 0.982683, 0.163185, 0.716953, 0.0, 0.0, 0.0, 1.0],
                [0.871767, 0.008639, -0.489844, -5e-06, -0.484422, 0.164574, -0.859215, -0.121411, 0.073193, 0.986327, 0.147656, 0.716835, 0.0, 0.0, 0.0, 1.0],
                [0.902831, 0.00265, -0.429988, -5e-06, -0.42588, 0.143553, -0.893319, -0.146087, 0.059359, 0.989639, 0.130733, 0.716688, 0.0, 0.0, 0.0, 1.0],
                [0.929801, -0.00189, -0.368057, -5e-06, -0.365089, 0.122109, -0.92293, -0.172093, 0.046688, 0.992515, 0.112847, 0.716509, 0.0, 0.0, 0.0, 1.0],
                [0.952079, -0.004905, -0.305813, -5e-06, -0.303787, 0.100843, -0.947388, -0.199189, 0.035486, 0.99489, 0.09452, 0.716293, 0.0, 0.0, 0.0, 1.0],
                [0.969475, -0.006458, -0.245106, -5e-06, -0.243816, 0.080358, -0.966487, -0.227132, 0.025938, 0.996745, 0.07633, 0.716039, 0.0, 0.0, 0.0, 1.0],
                [0.982191, -0.006734, -0.187765, -5e-06, -0.187012, 0.061229, -0.980448, -0.255681, 0.018099, 0.998101, 0.058879, 0.715743, 0.0, 0.0, 0.0, 1.0],
                [0.990758, -0.006017, -0.135508, -5e-06, -0.135117, 0.043974, -0.989853, -0.284595, 0.011915, 0.999015, 0.042755, 0.715401, 0.0, 0.0, 0.0, 1.0],
                [0.99594, -0.004655, -0.089897, -5e-06, -0.089726, 0.02905, -0.995543, -0.313631, 0.007246, 0.999567, 0.028515, 0.71501, 0.0, 0.0, 0.0, 1.0],
                [0.998626, -0.003026, -0.052324, -5e-06, -0.052266, 0.01685, -0.998491, -0.342549, 0.003904, 0.999853, 0.016669, 0.714567, 0.0, 0.0, 0.0, 1.0],
                [0.99971, -0.0015, -0.024039, -5e-06, -0.024027, 0.007721, -0.999682, -0.371107, 0.001685, 0.999969, 0.007683, 0.714069, 0.0, 0.0, 0.0, 1.0],
                [0.999981, -0.000405, -0.00621, -5e-06, -0.006209, 0.001991, -0.999979, -0.399063, 0.000418, 0.999998, 0.001989, 0.713512, 0.0, 0.0, 0.0, 1.0],
                [1.0, 0.0, -0.0, -5e-06, -0.0, 0.0, -1.0, -0.426177, 0.0, 1.0, 0.0, 0.712894, 0.0, 0.0, 0.0, 1.0],
                [1.0, 0.0, 0.0, -5e-06, 0.0, 0.0, -1.0, -0.452193, 0.0, 1.0, 0.0, 0.710545, 0.0, 0.0, 0.0, 1.0],
                [1.0, 0.0, 0.0, -5e-06, 0.0, 0.0, -1.0, -0.47681, 0.0, 1.0, 0.0, 0.705296, 0.0, 0.0, 0.0, 1.0],
                [1.0, 0.0, 0.0, -5e-06, 0.0, 0.0, -1.0, -0.499711, 0.0, 1.0, 0.0, 0.697887, 0.0, 0.0, 0.0, 1.0],
                [1.0, 0.0, 0.0, -5e-06, 0.0, 0.0, -1.0, -0.520582, 0.0, 1.0, 0.0, 0.689061, 0.0, 0.0, 0.0, 1.0],
                [1.0, 0.0, 0.0, -5e-06, 0.0, 0.0, -1.0, -0.539107, 0.0, 1.0, 0.0, 0.679557, 0.0, 0.0, 0.0, 1.0],
                [1.0, 0.0, 0.0, -5e-06, 0.0, 0.0, -1.0, -0.55497, 0.0, 1.0, 0.0, 0.670119, 0.0, 0.0, 0.0, 1.0],
                [1.0, 0.0, 0.0, -5e-06, 0.0, 0.0, -1.0, -0.567858, 0.0, 1.0, 0.0, 0.661487, 0.0, 0.0, 0.0, 1.0],
                [1.0, 0.0, 0.0, -5e-06, 0.0, 0.0, -1.0, -0.577453, 0.0, 1.0, 0.0, 0.654404, 0.0, 0.0, 0.0, 1.0],
                [1.0, 0.0, 0.0, -5e-06, 0.0, 0.0, -1.0, -0.583442, 0.0, 1.0, 0.0, 0.64961, 0.0, 0.0, 0.0, 1.0],
                [1.0, 0.0, 0.0, -5e-06, 0.0, 0.0, -1.0, -0.585508, 0.0, 1.0, 0.0, 0.647847, 0.0, 0.0, 0.0, 1.0],
                [1.0, 0.0, 0.0, -5e-06, 0.0, 0.0, -1.0, -0.492253, 0.0, 1.0, 0.0, 0.648031, 0.0, 0.0, 0.0, 1.0],
                [1.0, 0.0, 0.0, -5e-06, 0.0, 0.0, -1.0, -0.269349, 0.0, 1.0, 0.0, 0.64847, 0.0, 0.0, 0.0, 1.0],
                [1.0, 0.0, 0.0, -5e-06, 0.0, 0.0, -1.0, -0.002087, 0.0, 1.0, 0.0, 0.648995, 0.0, 0.0, 0.0, 1.0],
                [1.0, 0.0, 0.0, -5e-06, 0.0, 0.0, -1.0, 0.224243, 0.0, 1.0, 0.0, 0.649434, 0.0, 0.0, 0.0, 1.0],
                [1.0, 0.0, 0.0, -5e-06, 0.0, 0.0, -1.0, 0.324349, 0.0, 1.0, 0.0, 0.649618, 0.0, 0.0, 0.0, 1.0],
                [1.0, 0.0, 0.0, -5e-06, 0.0, 0.000745, -1.0, 0.332355, 0.0, 1.0, 0.000745, 0.64925, 0.0, 0.0, 0.0, 1.0],
                [1.0, 0.0, 0.0, -5e-06, 0.0, 0.002842, -0.999996, 0.339296, 0.0, 0.999996, 0.002842, 0.648214, 0.0, 0.0, 0.0, 1.0],
                [1.0, 0.0, 0.0, -5e-06, 0.0, 0.006082, -0.999982, 0.345247, 0.0, 0.999982, 0.006082, 0.646613, 0.0, 0.0, 0.0, 1.0],
                [1.0, 0.0, 0.0, -5e-06, 0.0, 0.010258, -0.999947, 0.350284, 0.0, 0.999947, 0.010258, 0.64455, 0.0, 0.0, 0.0, 1.0],
                [1.0, 0.0, 0.0, -5e-06, 0.0, 0.015162, -0.999885, 0.354484, 0.0, 0.999885, 0.015162, 0.642127, 0.0, 0.0, 0.0, 1.0],
                [1.0, 0.0, 0.0, -5e-06, 0.0, 0.020586, -0.999788, 0.357922, 0.0, 0.999788, 0.020586, 0.639447, 0.0, 0.0, 0.0, 1.0],
                [1.0, 0.0, 0.0, -5e-06, 0.0, 0.02632, -0.999654, 0.360676, 0.0, 0.999654, 0.02632, 0.636613, 0.0, 0.0, 0.0, 1.0],
                [1.0, 0.0, 0.0, -5e-06, 0.0, 0.032158, -0.999483, 0.36282, 0.0, 0.999483, 0.032158, 0.633728, 0.0, 0.0, 0.0, 1.0],
                [1.0, 0.0, 0.0, -5e-06, 0.0, 0.037891, -0.999282, 0.364432, 0.0, 0.999282, 0.037891, 0.630895, 0.0, 0.0, 0.0, 1.0],
                [1.0, 0.0, 0.0, -5e-06, 0.0, 0.043311, -0.999062, 0.365586, 0.0, 0.999062, 0.043311, 0.628215, 0.0, 0.0, 0.0, 1.0],
                [1.0, 0.0, 0.0, -5e-06, 0.0, 0.04821, -0.998837, 0.36636, 0.0, 0.998837, 0.04821, 0.625792, 0.0, 0.0, 0.0, 1.0],
                [1.0, 0.0, 0.0, -5e-06, 0.0, 0.052381, -0.998627, 0.36683, 0.0, 0.998627, 0.052381, 0.623729, 0.0, 0.0, 0.0, 1.0],
                [1.0, 0.0, 0.0, -5e-06, 0.0, 0.055617, -0.998452, 0.367071, 0.0, 0.998452, 0.055617, 0.622128, 0.0, 0.0, 0.0, 1.0],
                [1.0, 0.0, 0.0, -5e-06, 0.0, 0.05771, -0.998333, 0.367159, 0.0, 0.998333, 0.05771, 0.621092, 0.0, 0.0, 0.0, 1.0],
                [1.0, 0.0, 0.0, -5e-06, 0.0, 0.058454, -0.99829, 0.367172, 0.0, 0.99829, 0.058454, 0.620724, 0.0, 0.0, 0.0, 1.0],
                [1.0, 0.0, 0.0, -5e-06, 0.0, 0.058406, -0.998293, 0.36687, 0.0, 0.998293, 0.058406, 0.62096, 0.0, 0.0, 0.0, 1.0],
                [1.0, 0.0, 0.0, -5e-06, 0.0, 0.058264, -0.998301, 0.365979, 0.0, 0.998301, 0.058264, 0.62166, 0.0, 0.0, 0.0, 1.0],
                [1.0, 0.0, 0.0, -5e-06, 0.0, 0.058031, -0.998315, 0.364517, 0.0, 0.998315, 0.058031, 0.622806, 0.0, 0.0, 0.0, 1.0],
                [1.0, 0.0, 0.0, -5e-06, 0.0, 0.05771, -0.998333, 0.362506, 0.0, 0.998333, 0.05771, 0.624383, 0.0, 0.0, 0.0, 1.0],
                [1.0, 0.0, 0.0, -5e-06, 0.0, 0.057305, -0.998357, 0.359966, 0.0, 0.998357, 0.057305, 0.626375, 0.0, 0.0, 0.0, 1.0],
                [1.0, 0.0, 0.0, -5e-06, 0.0, 0.056819, -0.998384, 0.356918, 0.0, 0.998384, 0.056819, 0.628766, 0.0, 0.0, 0.0, 1.0],
                [1.0, 0.0, 0.0, -5e-06, 0.0, 0.056256, -0.998416, 0.353381, 0.0, 0.998416, 0.056256, 0.631539, 0.0, 0.0, 0.0, 1.0],
                [1.0, 0.0, 0.0, -5e-06, 0.0, 0.055617, -0.998452, 0.349376, 0.0, 0.998452, 0.055617, 0.63468, 0.0, 0.0, 0.0, 1.0],
                [1.0, 0.0, 0.0, -5e-06, 0.0, 0.054907, -0.998491, 0.344924, 0.0, 0.998491, 0.054907, 0.638172, 0.0, 0.0, 0.0, 1.0],
                [1.0, 0.0, 0.0, -5e-06, 0.0, 0.054129, -0.998534, 0.340044, 0.0, 0.998534, 0.054129, 0.641998, 0.0, 0.0, 0.0, 1.0],
                [1.0, 0.0, 0.0, -5e-06, 0.0, 0.053286, -0.998579, 0.334758, 0.0, 0.998579, 0.053286, 0.646144, 0.0, 0.0, 0.0, 1.0],
                [1.0, 0.0, 0.0, -5e-06, 0.0, 0.052381, -0.998627, 0.329085, 0.0, 0.998627, 0.052381, 0.650593, 0.0, 0.0, 0.0, 1.0],
                [1.0, 0.0, 0.0, -5e-06, 0.0, 0.051418, -0.998677, 0.323045, 0.0, 0.998677, 0.051418, 0.655329, 0.0, 0.0, 0.0, 1.0],
                [1.0, 0.0, 0.0, -5e-06, 0.0, 0.0504, -0.998729, 0.31666, 0.0, 0.998729, 0.0504, 0.660337, 0.0, 0.0, 0.0, 1.0],
                [1.0, 0.0, 0.0, -5e-06, 0.0, 0.04933, -0.998783, 0.309949, 0.0, 0.998783, 0.04933, 0.6656, 0.0, 0.0, 0.0, 1.0],
                [1.0, 0.0, 0.0, -5e-06, 0.0, 0.04821, -0.998837, 0.302933, 0.0, 0.998837, 0.04821, 0.671102, 0.0, 0.0, 0.0, 1.0],
                [1.0, 0.0, 0.0, -5e-06, 0.0, 0.047046, -0.998893, 0.295633, 0.0, 0.998893, 0.047046, 0.676827, 0.0, 0.0, 0.0, 1.0],
                [1.0, 0.0, 0.0, -5e-06, 0.0, 0.045839, -0.998949, 0.288067, 0.0, 0.998949, 0.045839, 0.68276, 0.0, 0.0, 0.0, 1.0],
                [1.0, 0.0, 0.0, -5e-06, 0.0, 0.044593, -0.999005, 0.280258, 0.0, 0.999005, 0.044593, 0.688885, 0.0, 0.0, 0.0, 1.0],
                [1.0, 0.0, 0.0, -5e-06, 0.0, 0.043311, -0.999062, 0.272225, 0.0, 0.999062, 0.043311, 0.695185, 0.0, 0.0, 0.0, 1.0],
                [1.0, 0.0, 0.0, -5e-06, 0.0, 0.041997, -0.999118, 0.263988, 0.0, 0.999118, 0.041997, 0.701644, 0.0, 0.0, 0.0, 1.0],
                [1.0, 0.0, 0.0, -5e-06, 0.0, 0.040653, -0.999173, 0.255568, 0.0, 0.999173, 0.040653, 0.708247, 0.0, 0.0, 0.0, 1.0],
                [1.0, 0.0, 0.0, -5e-06, 0.0, 0.039284, -0.999228, 0.246986, 0.0, 0.999228, 0.039284, 0.714978, 0.0, 0.0, 0.0, 1.0],
                [1.0, 0.0, 0.0, -5e-06, 0.0, 0.037891, -0.999282, 0.238261, 0.0, 0.999282, 0.037891, 0.72182, 0.0, 0.0, 0.0, 1.0],
                [1.0, 0.0, 0.0, -5e-06, 0.0, 0.036479, -0.999334, 0.229414, 0.0, 0.999334, 0.036479, 0.728758, 0.0, 0.0, 0.0, 1.0],
                [1.0, 0.0, 0.0, -5e-06, 0.0, 0.035051, -0.999386, 0.220465, 0.0, 0.999386, 0.035051, 0.735776, 0.0, 0.0, 0.0, 1.0],
                [1.0, 0.0, 0.0, -5e-06, 0.0, 0.03361, -0.999435, 0.211435, 0.0, 0.999435, 0.03361, 0.742858, 0.0, 0.0, 0.0, 1.0],
                [1.0, 0.0, 0.0, -5e-06, 0.0, 0.032158, -0.999483, 0.202343, 0.0, 0.999483, 0.032158, 0.749988, 0.0, 0.0, 0.0, 1.0],
                [1.0, 0.0, 0.0, -5e-06, 0.0, 0.030701, -0.999529, 0.193212, 0.0, 0.999529, 0.030701, 0.757149, 0.0, 0.0, 0.0, 1.0],
