{
    "animation": [
        {
            "name": "Leg_ik_L",
            "time": [0.0, 0.0167, 0.0333, 0.05, 0.0667, 0.0833, 0.1, 0.1167, 0.1333, 0.15, 0.1667, 0.1833, 0.2, 0.2167, 0.2333, 0.25, 0.2667, 0.2833, 0.3, 0.3167, 0.3333, 0.35, 0.3667, 0.3833, 0.4, 0.4167, 0.4333, 0.45, 0.4667, 0.4833, 0.5, 0.5167, 0.5333, 0.55, 0.5667, 0.5833, 0.6, 0.6167, 0.6333, 0.65, 0.6667, 0.6833, 0.7, 0.7167, 0.7333, 0.75, 0.7667, 0.7833, 0.8, 0.8167, 0.8333, 0.85, 0.8667, 0.8833, 0.9, 0.9167, 0.9333, 0.95, 0.9667, 0.9833, 1.0, 1.0167, 1.0333, 1.05, 1.0667, 1.0833, 1.1, 1.1167, 1.1333, 1.15, 1.1667, 1.1833, 1.2, 1.2167, 1.2333, 1.25, 1.2667, 1.2833, 1.3, 1.3167, 1.3333, 1.35, 1.3667, 1.3833, 1.4, 1.4167, 1.4333, 1.45, 1.4667, 1.4833, 1.5, 1.5167, 1.5333, 1.55, 1.5667, 1.5833, 1.6, 1.6167, 1.6333, 1.65, 1.6667, 1.6833, 1.7, 1.7167, 1.7333, 1.75, 1.7667, 1.7833, 1.8, 1.8167, 1.8333, 1.85, 1.8667, 1.8833, 1.9, 1.9167, 1.9333, 1.95, 1.9667, 1.9833, 2.0],
            "transform": [
                [1.0, 0.0, 1e-06, -0.259279, 0.0, 1.0, 0.0, -0.05065, -1e-06, 0.0, 1.0, 0.172827, 0.0, 0.0, 0.0, 1.0],
                [1.0, 0.0, 1e-06, -0.259279, 0.0, 1.0, 0.0, -0.05065, -1e-06, 0.0, 1.0, 0.172827, 0.0, 0.0, 0.0, 1.0],
                [1.0, 0.0, 1e-06, -0.259279, 0.0, 1.0, 0.0, -0.05065, -1e-06, 0.0, 1.0, 0.172827, 0.0, 0.0, 0.0, 1.0],
                [1.0, 0.0, 1e-06, -0.259279, 0.0, 1.0, 0.0, -0.05065, -1e-06, 0.0, 1.0, 0.172827, 0.0, 0.0, 0.0, 1.0],
                [1.0, 0.0, 1e-06, -0.259279, 0.0, 1.0, 0.0, -0.05065, -1e-06, 0.0, 1.0, 0.172827, 0.0, 0.0, 0.0, 1.0],
                [1.0, 0.0, 1e-06, -0.259279, 0.0, 1.0, 0.0, -0.05065, -1e-06, 0.0, 1.0, 0.172827, 0.0, 0.0, 0.0, 1.0],
                [1.0, 0.0, 1e-06, -0.259279, 0.0, 1.0, 0.0, -0.05065, -1e-06, 0.0, 1.0, 0.172827, 0.0, 0.0, 0.0, 1.0],
                [1.0, 0.0, 1e-06, -0.259279, 0.0, 1.0, 0.0, -0.05065, -1e-06, 0.0, 1.0, 0.172827, 0.0, 0.0, 0.0, 1.0],
                [1.0, 0.0, 1e-06, -0.259279, 0.0, 1.0, 0.0, -0.05065, -1e-06, 0.0, 1.0, 0.172827, 0.0, 0.0, 0.0, 1.0],
                [1.0, 0.0, 1e-06, -0.259279, 0.0, 1.0, 0.0, -0.05065, -1e-06, 0.0, 1.0, 0.172827, 0.0, 0.0, 0.0, 1.0],
                [1.0, 0.0, 1e-06, -0.259279, 0.0, 1.0, 0.0, -0.05065, -1e-06, 0.0, 1.0, 0.172827, 0.0, 0.0, 0.0, 1.0],
                [1.0, 0.0, 1e-06, -0.259279, 0.0, 1.0, 0.0, -0.05065, -1e-06, 0.0, 1.0, 0.172827, 0.0, 0.0, 0.0, 1.0],
                [1.0, 0.0, 1e-06, -0.259279, 0.0, 1.0, 0.0, -0.05065, -1e-06, 0.0, 1.0, 0.172827, 0.0, 0.0, 0.0, 1.0],
                [1.0, 0.0, 1e-06, -0.259279, 0.0, 1.0, 0.0, -0.05065, -1e-06, 0.0, 1.0, 0.172827, 0.0, 0.0, 0.0, 1.0],
                [1.0, 0.0, 1e-06, -0.259279, 0.0, 1.0, 0.0, -0.05065, -1e-06, 0.0, 1.0, 0.172827, 0.0, 0.0, 0.0, 1.0],
                [1.0, 0.0, 1e-06, -0.259279, 0.0, 1.0, 0.0, -0.05065, -1e-06, 0.0, 1.0, 0.172827, 0.0, 0.0, 0.0, 1.0],
                [1.0, 0.0, 1e-06, -0.259279, 0.0, 1.0, 0.0, -0.05065, -1e-06, 0.0, 1.0, 0.172827, 0.0, 0.0, 0.0, 1.0],
                [1.0, 0.0, 1e-06, -0.259279, 0.0, 1.0, 0.0, -0.05065, -1e-06, 0.0, 1.0, 0.172827, 0.0, 0.0, 0.0, 1.0],
                [1.0, 0.0, 1e-06, -0.259279, 0.0, 1.0, 0.0, -0.05065, -1e-06, 0.0, 1.0, 0.172827, 0.0, 0.0, 0.0, 1.0],
                [1.0, 0.0, 1e-06, -0.259279, 0.0, 1.0, 0.0, -0.05065, -1e-06, 0.0, 1.0, 0.172827, 0.0, 0.0, 0.0, 1.0],
                [1.0, 0.0, 1e-06, -0.259279, 0.0, 1.0, 0.0, -0.05065, -1e-06, 0.0, 1.0, 0.172827, 0.0, 0.0, 0.0, 1.0],
                [1.0, 0.0, 1e-06, -0.259279, 0.0, 1.0, 0.0, -0.05065, -1e-06, 0.0, 1.0, 0.172827, 0.0, 0.0, 0.0, 1.0],
                [1.0, 0.0, 1e-06, -0.259279, 0.0, 1.0, 0.0, -0.05065, -1e-06, 0.0, 1.0, 0.172827, 0.0, 0.0, 0.0, 1.0],
                [1.0, 0.0, 1e-06, -0.259279, 0.0, 1.0, 0.0, -0.05065, -1e-06, 0.0, 1.0, 0.172827, 0.0, 0.0, 0.0, 1.0],
                [1.0, 0.0, 1e-06, -0.259279, 0.0, 1.0, 0.0, -0.05065, -1e-06, 0.0, 1.0, 0.172827, 0.0, 0.0, 0.0, 1.0],
                [1.0, 0.0, 1e-06, -0.259279, 0.0, 1.0, 0.0, -0.05065, -1e-06, 0.0, 1.0, 0.172827, 0.0, 0.0, 0.0, 1.0],
                [1.0, 0.0, 1e-06, -0.259279, 0.0, 1.0, 0.0, -0.05065, -1e-06, 0.0, 1.0, 0.172827, 0.0, 0.0, 0.0, 1.0],
                [1.0, 0.0, 1e-06, -0.259279, 0.0, 1.0, 0.0, -0.05065, -1e-06, 0.0, 1.0, 0.172827, 0.0, 0.0, 0.0, 1.0],
                [1.0, 0.0, 1e-06, -0.259279, 0.0, 1.0, 0.0, -0.05065, -1e-06, 0.0, 1.0, 0.172827, 0.0, 0.0, 0.0, 1.0],
                [1.0, 0.0, 1e-06, -0.259279, 0.0, 1.0, 0.0, -0.05065, -1e-06, 0.0, 1.0, 0.172827, 0.0, 0.0, 0.0, 1.0],
                [1.0, 0.0, 1e-06, -0.259279, 0.0, 1.0, 0.0, -0.05065, -1e-06, 0.0, 1.0, 0.172827, 0.0, 0.0, 0.0, 1.0],
                [1.0, 0.0, 1e-06, -0.259279, 0.0, 1.0, 0.0, -0.05454, -1e-06, 0.0, 1.0, 0.174386, 0.0, 0.0, 0.0, 1.0],
                [1.0, 0.0, 1e-06, -0.259279, 0.0, 1.0, 0.0, -0.063815, -1e-06, 0.0, 1.0, 0.17837, 0.0, 0.0, 0.0, 1.0],
                [1.0, 0.0, 1e-06, -0.259279, 0.0, 1.0, 0.0, -0.074885, -1e-06, 0.0, 1.0, 0.18374, 0.0, 0.0, 0.0, 1.0],
                [1.0, 0.0, 1e-06, -0.259279, 0.0, 1.0, 0.0, -0.08416, -1e-06, 0.0, 1.0, 0.189456, 0.0, 0.0, 0.0, 1.0],
                [1.0, 0.0, 1e-06, -0.259279, 0.0, 1.0, 0.0, -0.08805, -1e-06, 0.0, 1.0, 0.194479, 0.0, 0.0, 0.0, 1.0],
                [1.0, 0.0, 1e-06, -0.259279, 0.0, 1.0, 0.0, -0.08805, -1e-06, 0.0, 1.0, 0.198032, 0.0, 0.0, 0.0, 1.0],
                [1.0, 0.0, 1e-06, -0.259279, 0.0, 1.0, 0.0, -0.08805, -1e-06, 0.0, 1.0, 0.20038, 0.0, 0.0, 0.0, 1.0],
                [1.0, 0.0, 1e-06, -0.259279, 0.0, 1.0, 0.0, -0.08805, -1e-06, 0.0, 1.0, 0.202051, 0.0, 0.0, 0.0, 1.0],
                [1.0, 0.0, 1e-06, -0.259279, 0.0, 1.0, 0.0, -0.08805, -1e-06, 0.0, 1.0, 0.203573, 0.0, 0.0, 0.0, 1.0],
                [1.0, 0.0, 1e-06, -0.259279, 0.0, 1.0, 0.0, -0.08805, -1e-06, 0.0, 1.0, 0.205473, 0.0, 0.0, 0.0, 1.0],
                [1.0, 0.0, 1e-06, -0.259279, 0.0, 1.0, 0.0, -0.08805, -1e-06, 0.0, 1.0, 0.20828, 0.0, 0.0, 0.0, 1.0],
                [1.0, 0.0, 1e-06, -0.259279, 0.0, 1.0, 0.0, -0.08805, -1e-06, 0.0, 1.0, 0.212522, 0.0, 0.0, 0.0, 1.0],
                [1.0, 0.0, 1e-06, -0.259279, 0.0, 1.0, 0.0, -0.08805, -1e-06, 0.0, 1.0, 0.218725, 0.0, 0.0, 0.0, 1.0],
                [1.0, 0.0, 1e-06, -0.259279, 0.0, 1.0, 0.0, -0.08805, -1e-06, 0.0, 1.0, 0.227417, 0.0, 0.0, 0.0, 1.0],
                [1.0, 0.0, 1e-06, -0.259279, 0.0, 1.0, 0.0, -0.08805, -1e-06, 0.0, 1.0, 0.239127, 0.0, 0.0, 0.0, 1.0],
                [1.0, 0.0, 1e-06, -0.259279, 0.0, 1.0, 0.0, -0.030664, -1e-06, 0.0, 1.0, 0.253986, 0.0, 0.0, 0.0, 1.0],
                [1.0, 0.0, 1e-06, -0.259279, 0.0, 1.0, 0.0, 0.106179, -1e-06, 0.0, 1.0, 0.270052, 0.0, 0.0, 0.0, 1.0],
                [1.0, 0.0, 1e-06, -0.259279, 0.0, 1.0, 0.0, 0.269507, -1e-06, 0.0, 1.0, 0.284732, 0.0, 0.0, 0.0, 1.0],
                [1.0, 0.0, 1e-06, -0.259279, 0.0, 1.0, 0.0, 0.40635, -1e-06, 0.0, 1.0, 0.29544, 0.0, 0.0, 0.0, 1.0],
                [1.0, 0.0, 1e-06, -0.259279, 0.0, 1.0, 0.0, 0.463735, -1e-06, 0.0, 1.0, 0.299584, 0.0, 0.0, 0.0, 1.0],
                [1.0, 0.0, 1e-06, -0.259279, 0.0, 1.0, 0.0, 0.463735, -1e-06, 0.0, 1.0, 0.299584, 0.0, 0.0, 0.0, 1.0],
                [1.0, 0.0, 1e-06, -0.259279, 0.0, 1.0, 0.0, 0.463735, -1e-06, 0.0, 1.0, 0.299584, 0.0, 0.0, 0.0, 1.0],
                [1.0, 0.0, 1e-06, -0.259279, 0.0, 1.0, 0.0, 0.463735, -1e-06, 0.0, 1.0, 0.299584, 0.0, 0.0, 0.0, 1.0],
                [1.0, 0.0, 1e-06, -0.259279, 0.0, 1.0, 0.0, 0.463735, -1e-06, 0.0, 1.0, 0.299584, 0.0, 0.0, 0.0, 1.0],
                [1.0, 0.0, 1e-06, -0.259279, 0.0, 1.0, 0.0, 0.463735, -1e-06, 0.0, 1.0, 0.299584, 0.0, 0.0, 0.0, 1.0],
                [1.0, 0.0, 1e-06, -0.259279, 0.0, 1.0, 0.0, 0.463735, -1e-06, 0.0, 1.0, 0.299584, 0.0, 0.0, 0.0, 1.0],
                [1.0, 0.0, 1e-06, -0.259279, 0.0, 1.0, 0.0, 0.463735, -1e-06, 0.0, 1.0, 0.299584, 0.0, 0.0, 0.0, 1.0],
                [1.0, 0.0, 1e-06, -0.259279, 0.0, 1.0, 0.0, 0.463735, -1e-06, 0.0, 1.0, 0.299584, 0.0, 0.0, 0.0, 1.0],
                [1.0, 0.0, 1e-06, -0.259279, 0.0, 1.0, 0.0, 0.463735, -1e-06, 0.0, 1.0, 0.299584, 0.0, 0.0, 0.0, 1.0],
                [1.0, 0.0, 1e-06, -0.259279, 0.0, 1.0, 0.0, 0.463735, -1e-06, 0.0, 1.0, 0.299584, 0.0, 0.0, 0.0, 1.0],
                [1.0, 0.0, 1e-06, -0.259279, 0.0, 1.0, 0.0, 0.463311, -1e-06, 0.0, 1.0, 0.29948, 0.0, 0.0, 0.0, 1.0],
                [1.0, 0.0, 1e-06, -0.259279, 0.0, 1.0, 0.0, 0.462059, -1e-06, 0.0, 1.0, 0.299171, 0.0, 0.0, 0.0, 1.0],
                [1.0, 0.0, 1e-06, -0.259279, 0.0, 1.0, 0.0, 0.460006, -1e-06, 0.0, 1.0, 0.298665, 0.0, 0.0, 0.0, 1.0],
                [1.0, 0.0, 1e-06, -0.259279, 0.0, 1.0, 0.0, 0.457182, -1e-06, 0.0, 1.0, 0.297969, 0.0, 0.0, 0.0, 1.0],
                [1.0, 0.0, 1e-06, -0.259279, 0.0, 1.0, 0.0, 0.453614, -1e-06, 0.0, 1.0, 0.29709, 0.0, 0.0, 0.0, 1.0],
                [1.0, 0.0, 1e-06, -0.259279, 0.0, 1.0, 0.0, 0.449333, -1e-06, 0.0, 1.0, 0.296035, 0.0, 0.0, 0.0, 1.0],
                [1.0, 0.0, 1e-06, -0.259279, 0.0, 1.0, 0.0, 0.444365, -1e-06, 0.0, 1.0, 0.294811, 0.0, 0.0, 0.0, 1.0],
                [1.0, 0.0, 1e-06, -0.259279, 0.0, 1.0, 0.0, 0.43874, -1e-06, 0.0, 1.0, 0.293425, 0.0, 0.0, 0.0, 1.0],
                [1.0, 0.0, 1e-06, -0.259279, 0.0, 1.0, 0.0, 0.432486, -1e-06, 0.0, 1.0, 0.291884, 0.0, 0.0, 0.0, 1.0],
                [1.0, 0.0, 1e-06, -0.259279, 0.0, 1.0, 0.0, 0.425633, -1e-06, 0.0, 1.0, 0.290195, 0.0, 0.0, 0.0, 1.0],
                [1.0, 0.0, 1e-06, -0.259279, 0.0, 1.0, 0.0, 0.418207, -1e-06, 0.0, 1.0, 0.288365, 0.0, 0.0, 0.0, 1.0],
                [1.0, 0.0, 1e-06, -0.259279, 0.0, 1.0, 0.0, 0.410239, -1e-06, 0.0, 1.0, 0.286402, 0.0, 0.0, 0.0, 1.0],
                [1.0, 0.0, 1e-06, -0.259279, 0.0, 1.0, 0.0, 0.401757, -1e-06, 0.0, 1.0, 0.284311, 0.0, 0.0, 0.0, 1.0],
                [1.0, 0.0, 1e-06, -0.259279, 0.0, 1.0, 0.0, 0.392788, -1e-06, 0.0, 1.0, 0.282101, 0.0, 0.0, 0.0, 1.0],
                [1.0, 0.0, 1e-06, -0.259279, 0.0, 1.0, 0.0, 0.383363, -1e-06, 0.0, 1.0, 0.279779, 0.0, 0.0, 0.0, 1.0],
                [1.0, 0.0, 1e-06, -0.259279, 0.0, 1.0, 0.0, 0.373508, -1e-06, 0.0, 1.0, 0.27735, 0.0, 0.0, 0.0, 1.0],
                [1.0, 0.0, 1e-06, -0.259279, 0.0, 1.0, 0.0, 0.363254, -1e-06, 0.0, 1.0, 0.274823, 0.0, 0.0, 0.0, 1.0],
                [1.0, 0.0, 1e-06, -0.259279, 0.0, 1.0, 0.0, 0.352628, -1e-06, 0.0, 1.0, 0.272205, 0.0, 0.0, 0.0, 1.0],
                [1.0, 0.0, 1e-06, -0.259279, 0.0, 1.0, 0.0, 0.341659, -1e-06, 0.0, 1.0, 0.269502, 0.0, 0.0, 0.0, 1.0],
                [1.0, 0.0, 1e-06, -0.259279, 0.0, 1.0, 0.0, 0.330376, -1e-06, 0.0, 1.0, 0.266722, 0.0, 0.0, 0.0, 1.0],
                [1.0, 0.0, 1e-06, -0.259279, 0.0, 1.0, 0.0, 0.318807, -1e-06, 0.0, 1.0, 0.263871, 0.0, 0.0, 0.0, 1.0],
                [1.0, 0.0, 1e-06, -0.259279, 0.0, 1.0, 0.0, 0.306981, -1e-06, 0.0, 1.0, 0.260956, 0.0, 0.0, 0.0, 1.0],
                [1.0, 0.0, 1e-06, -0.259279, 0.0, 1.0, 0.0, 0.294926, -1e-06, 0.0, 1.0, 0.257986, 0.0, 0.0, 0.0, 1.0],
                [1.0, 0.0, 1e-06, -0.259279, 0.0, 1.0, 0.0, 0.282672, -1e-06, 0.0, 1.0, 0.254966, 0.0, 0.0, 0.0, 1.0],
                [1.0, 0.0, 1e-06, -0.259279, 0.0, 1.0, 0.0, 0.270245, -1e-06, 0.0, 1.0, 0.251904, 0.0, 0.0, 0.0, 1.0],
                [1.0, 0.0, 1e-06, -0.259279, 0.0, 1.0, 0.0, 0.257676, -1e-06, 0.0, 1.0, 0.248807, 0.0, 0.0, 0.0, 1.0],
                [1.0, 0.0, 1e-06, -0.259279, 0.0, 1.0, 0.0, 0.244993, -1e-06, 0.0, 1.0, 0.245681, 0.0, 0.0, 0.0, 1.0],
                [1.0, 0.0, 1e-06, -0.259279, 0.0, 1.0, 0.0, 0.232224, -1e-06, 0.0, 1.0, 0.242534, 0.0, 0.0, 0.0, 1.0],
                [1.0, 0.0, 1e-06, -0.259279, 0.0, 1.0, 0.0, 0.219397, -1e-06, 0.0, 1.0, 0.239374, 0.0, 0.0, 0.0, 1.0],
                [1.0, 0.0, 1e-06, -0.259279, 0.0, 1.0, 0.0, 0.206543, -1e-06, 0.0, 1.0, 0.236206, 0.0, 0.0, 0.0, 1.0],
                [1.0, 0.0, 1e-06, -0.259279, 0.0, 1.0, 0.0, 0.193688, -1e-06, 0.0, 1.0, 0.233038, 0.0, 0.0, 0.0, 1.0],
                [1.0, 0.0, 1e-06, -0.259279, 0.0, 1.0, 0.0, 0.180861, -1e-06, 0.0, 1.0, 0.229877, 0.0, 0.0, 0.0, 1.0],
                [1.0, 0.0, 1e-06, -0.259279, 0.0, 1.0, 0.0, 0.168092, -1e-06, 0.0, 1.0, 0.226731, 0.0, 0.0, 0.0, 1.0],
                [1.0, 0.0, 1e-06, -0.259279, 0.0, 1.0, 0.0, 0.155409, -1e-06, 0.0, 1.0, 0.223605, 0.0, 0.0, 0.0, 1.0],
                [1.0, 0.0, 1e-06, -0.259279, 0.0, 1.0, 0.0, 0.14284, -1e-06, 0.0, 1.0, 0.220508, 0.0, 0.0, 0.0, 1.0],
                [1.0, 0.0, 1e-06, -0.259279, 0.0, 1.0, 0.0, 0.130414, -1e-06, 0.0, 1.0, 0.217446, 0.0, 0.0, 0.0, 1.0],
                [1.0, 0.0, 1e-06, -0.259279, 0.0, 1.0, 0.0, 0.118159, -1e-06, 0.0, 1.0, 0.214426, 0.0, 0.0, 0.0, 1.0],
                [1.0, 0.0, 1e-06, -0.259279, 0.0, 1.0, 0.0, 0.106104, -1e-06, 0.0, 1.0, 0.211455, 0.0, 0.0, 0.0, 1.0],
                [1.0, 0.0, 1e-06, -0.259279, 0.0, 1.0, 0.0, 0.094278, -1e-06, 0.0, 1.0, 0.208541, 0.0, 0.0, 0.0, 1.0],
                [1.0, 0.0, 1e-06, -0.259279, 0.0, 1.0, 0.0, 0.082709, -1e-06, 0.0, 1.0, 0.20569, 0.0, 0.0, 0.0, 1.0],
                [1.0, 0.0, 1e-06, -0.259279, 0.0, 1.0, 0.0, 0.071426, -1e-06, 0.0, 1.0, 0.20291, 0.0, 0.0, 0.0, 1.0],
                [1.0, 0.0, 1e-06, -0.259279, 0.0, 1.0, 0.0, 0.060457, -1e-06, 0.0, 1.0, 0.200207, 0.0, 0.0, 0.0, 1.0],
                [1.0, 0.0, 1e-06, -0.259279, 0.0, 1.0, 0.0, 0.049831, -1e-06, 0.0, 1.0, 0.197588, 0.0, 0.0, 0.0, 1.0],
                [1.0, 0.0, 1e-06, -0.259279, 0.0, 1.0, 0.0, 0.039577, -1e-06, 0.0, 1.0, 0.195062, 0.0, 0.0, 0.0, 1.0],
                [1.0, 0.0, 1e-06, -0.259279, 0.0, 1.0, 0.0, 0.029723, -1e-06, 0.0, 1.0, 0.192633, 0.0, 0.0, 0.0, 1.0],
                [1.0, 0.0, 1e-06, -0.259279, 0.0, 1.0, 0.0, 0.020297, -1e-06, 0.0, 1.0, 0.190311, 0.0, 0.0, 0.0, 1.0],
                [1.0, 0.0, 1e-06, -0.259279, 0.0, 1.0, 0.0, 0.011328, -1e-06, 0.0, 1.0, 0.1881, 0.0, 0.0, 0.0, 1.0],
                [1.0, 0.0, 1e-06, -0.259279, 0.0, 1.0, 0.0, 0.002846, -1e-06, 0.0, 1.0, 0.18601, 0.0, 0.0, 0.0, 1.0],
                [1.0, 0.0, 1e-06, -0.259279, 0.0, 1.0, 0.0, -0.005122, -1e-06, 0.0, 1.0, 0.184047, 0.0, 0.0, 0.0, 1.0],
                [1.0, 0.0, 1e-06, -0.259279, 0.0, 1.0, 0.0, -0.012548, -1e-06, 0.0, 1.0, 0.182217, 0.0, 0.0, 0.0, 1.0],
                [1.0, 0.0, 1e-06, -0.259279, 0.0, 1.0, 0.0, -0.019401, -1e-06, 0.0, 1.0, 0.180528, 0.0, 0.0, 0.0, 1.0],
                [1.0, 0.0, 1e-06, -0.259279, 0.0, 1.0, 0.0, -0.025655, -1e-06, 0.0, 1.0, 0.178987, 0.0, 0.0, 0.0, 1.0],
                [1.0, 0.0, 1e-06, -0.259279, 0.0, 1.0, 0.0, -0.03128, -1e-06, 0.0, 1.0, 0.177601, 0.0, 0.0, 0.0, 1.0],
                [1.0, 0.0, 1e-06, -0.259279, 0.0, 1.0, 0.0, -0.036247, -1e-06, 0.0, 1.0, 0.176377, 0.0, 0.0, 0.0, 1.0],
                [1.0, 0.0, 1e-06, -0.259279, 0.0, 1.0, 0.0, -0.040529, -1e-06, 0.0, 1.0, 0.175322, 0.0, 0.0, 0.0, 1.0],
                [1.0, 0.0, 1e-06, -0.259279, 0.0, 1.0, 0.0, -0.044097, -1e-06, 0.0, 1.0, 0.174442, 0.0, 0.0, 0.0, 1.0],
                [1.0, 0.0, 1e-06, -0.259279, 0.0, 1.0, 0.0, -0.046921, -1e-06, 0.0, 1.0, 0.173746, 0.0, 0.0, 0.0, 1.0],
                [1.0, 0.0, 1e-06, -0.259279, 0.0, 1.0, 0.0, -0.048974, -1e-06, 0.0, 1.0, 0.173241, 0.0, 0.0, 0.0, 1.0],
                [1.0, 0.0, 1e-06, -0.259279, 0.0, 1.0, 0.0, -0.050226, -1e-06, 0.0, 1.0, 0.172932, 0.0, 0.0, 0.0, 1.0],
                [1.0, 0.0, 1e-06, -0.259279, 0.0, 1.0, 0.0, -0.05065, -1e-06, 0.0, 1.0, 0.172827, 0.0, 0.0, 0.0, 1.0]
            ]
        },
        {
            "name": "Leg_ik_R",
            "time": [0.0, 0.0167, 0.0333, 0.05, 0.0667, 0.0833, 0.1, 0.1167, 0.1333, 0.15, 0.1667, 0.1833, 0.2, 0.2167, 0.2333, 0.25, 0.2667, 0.2833, 0.3, 0.3167, 0.3333, 0.35, 0.3667, 0.3833, 0.4, 0.4167, 0.4333, 0.45, 0.4667, 0.4833, 0.5, 0.5167, 0.5333, 0.55, 0.5667, 0.5833, 0.6, 0.6167, 0.6333, 0.65, 0.6667, 0.6833, 0.7, 0.7167, 0.7333, 0.75, 0.7667, 0.7833, 0.8, 0.8167, 0.8333, 0.85, 0.8667, 0.8833, 0.9, 0.9167, 0.9333, 0.95, 0.9667, 0.9833, 1.0, 1.0167, 1.0333, 1.05, 1.0667, 1.0833, 1.1, 1.1167, 1.1333, 1.15, 1.1667, 1.1833, 1.2, 1.2167, 1.2333, 1.25, 1.2667, 1.2833, 1.3, 1.3167, 1.3333, 1.35, 1.3667, 1.3833, 1.4, 1.4167, 1.4333, 1.45, 1.4667, 1.4833, 1.5, 1.5167, 1.5333, 1.55, 1.5667, 1.5833, 1.6, 1.6167, 1.6333, 1.65, 1.6667, 1.6833, 1.7, 1.7167, 1.7333, 1.75, 1.7667, 1.7833, 1.8, 1.8167, 1.8333, 1.85, 1.8667, 1.8833, 1.9, 1.9167, 1.9333, 1.95, 1.9667, 1.9833, 2.0],
            "transform": [
                [1.0, 0.0, -1e-06, 0.226538, 0.0, 1.0, 0.0, -0.028645, 1e-06, 0.0, 1.0, 0.177545, 0.0, 0.0, 0.0, 1.0],
                [1.0, 0.0, -1e-06, 0.226538, 0.0, 1.0, 0.0, -0.028645, 1e-06, 0.0, 1.0, 0.177545, 0.0, 0.0, 0.0, 1.0],
                [1.0, 0.0, -1e-06, 0.226538, 0.0, 1.0, 0.0, -0.028645, 1e-06, 0.0, 1.0, 0.177545, 0.0, 0.0, 0.0, 1.0],
                [1.0, 0.0, -1e-06, 0.226538, 0.0, 1.0, 0.0, -0.028645, 1e-06, 0.0, 1.0, 0.177545, 0.0, 0.0, 0.0, 1.0],
                [1.0, 0.0, -1e-06, 0.226538, 0.0, 1.0, 0.0, -0.028645, 1e-06, 0.0, 1.0, 0.177545, 0.0, 0.0, 0.0, 1.0],
                [1.0, 0.0, -1e-06, 0.226538, 0.0, 1.0, 0.0, -0.028645, 1e-06, 0.0, 1.0, 0.177545, 0.0, 0.0, 0.0, 1.0],
                [1.0, 0.0, -1e-06, 0.226538, 0.0, 1.0, 0.0, -0.028645, 1e-06, 0.0, 1.0, 0.177545, 0.0, 0.0, 0.0, 1.0],
                [1.0, 0.0, -1e-06, 0.226538, 0.0, 1.0, 0.0, -0.028645, 1e-06, 0.0, 1.0, 0.177545, 0.0, 0.0, 0.0, 1.0],
                [1.0, 0.0, -1e-06, 0.226538, 0.0, 1.0, 0.0, -0.028645, 1e-06, 0.0, 1.0, 0.177545, 0.0, 0.0, 0.0, 1.0],
                [1.0, 0.0, -1e-06, 0.226538, 0.0, 1.0, 0.0, -0.028645, 1e-06, 0.0, 1.0, 0.177545, 0.0, 0.0, 0.0, 1.0],
                [1.0, 0.0, -1e-06, 0.226538, 0.0, 1.0, 0.0, -0.028645, 1e-06, 0.0, 1.0, 0.177545, 0.0, 0.0, 0.0, 1.0],
                [1.0, 0.0, -1e-06, 0.226538, 0.0, 1.0, 0.0, -0.028645, 1e-06, 0.0, 1.0, 0.177545, 0.0, 0.0, 0.0, 1.0],
                [1.0, 0.0, -1e-06, 0.226538, 0.0, 1.0, 0.0, -0.028645, 1e-06, 0.0, 1.0, 0.177545, 0.0, 0.0, 0.0, 1.0],
                [1.0, 0.0, -1e-06, 0.226538, 0.0, 1.0, 0.0, -0.028645, 1e-06, 0.0, 1.0, 0.177545, 0.0, 0.0, 0.0, 1.0],
                [1.0, 0.0, -1e-06, 0.226538, 0.0, 1.0, 0.0, -0.028645, 1e-06, 0.0, 1.0, 0.177545, 0.0, 0.0, 0.0, 1.0],
                [1.0, 0.0, -1e-06, 0.226538, 0.0, 1.0, 0.0, -0.028645, 1e-06, 0.0, 1.0, 0.177545, 0.0, 0.0, 0.0, 1.0],
                [1.0, 0.0, -1e-06, 0.226538, 0.0, 1.0, 0.0, -0.028645, 1e-06, 0.0, 1.0, 0.177545, 0.0, 0.0, 0.0, 1.0],
                [1.0, 0.0, -1e-06, 0.226538, 0.0, 1.0, 0.0, -0.028645, 1e-06, 0.0, 1.0, 0.177545, 0.0, 0.0, 0.0, 1.0],
                [1.0, 0.0, -1e-06, 0.226538, 0.0, 1.0, 0.0, -0.028645, 1e-06, 0.0, 1.0, 0.177545, 0.0, 0.0, 0.0, 1.0],
                [1.0, 0.0, -1e-06, 0.226538, 0.0, 1.0, 0.0, -0.028645, 1e-06, 0.0, 1.0, 0.177545, 0.0, 0.0, 0.0, 1.0],
                [1.0, 0.0, -1e-06, 0.226538, 0.0, 1.0, 0.0, -0.028645, 1e-06, 0.0, 1.0, 0.177545, 0.0, 0.0, 0.0, 1.0],
                [1.0, 0.0, -1e-06, 0.226538, 0.0, 1.0, 0.0, -0.028645, 1e-06, 0.0, 1.0, 0.177545, 0.0, 0.0, 0.0, 1.0],
                [1.0, 0.0, -1e-06, 0.226538, 0.0, 1.0, 0.0, -0.028645, 1e-06, 0.0, 1.0, 0.177545, 0.0, 0.0, 0.0, 1.0],
                [1.0, 0.0, -1e-06, 0.226538, 0.0, 1.0, 0.0, -0.028645, 1e-06, 0.0, 1.0, 0.177545, 0.0, 0.0, 0.0, 1.0],
                [1.0, 0.0, -1e-06, 0.226538, 0.0, 1.0, 0.0, -0.028645, 1e-06, 0.0, 1.0, 0.177545, 0.0, 0.0, 0.0, 1.0],
                [1.0, 0.0, -1e-06, 0.226538, 0.0, 1.0, 0.0, -0.028645, 1e-06, 0.0, 1.0, 0.177545, 0.0, 0.0, 0.0, 1.0],
                [1.0, 0.0, -1e-06, 0.226538, 0.0, 1.0, 0.0, -0.028645, 1e-06, 0.0, 1.0, 0.177545, 0.0, 0.0, 0.0, 1.0],
                [1.0, 0.0, -1e-06, 0.226538, 0.0, 1.0, 0.0, -0.028645, 1e-06, 0.0, 1.0, 0.177545, 0.0, 0.0, 0.0, 1.0],
                [1.0, 0.0, -1e-06, 0.226538, 0.0, 1.0, 0.0, -0.028645, 1e-06, 0.0, 1.0, 0.177545, 0.0, 0.0, 0.0, 1.0],
                [1.0, 0.0, -1e-06, 0.226538, 0.0, 1.0, 0.0, -0.028645, 1e-06, 0.0, 1.0, 0.177545, 0.0, 0.0, 0.0, 1.0],
                [1.0, 0.0, -1e-06, 0.226538, 0.0, 1.0, 0.0, -0.028645, 1e-06, 0.0, 1.0, 0.177545, 0.0, 0.0, 0.0, 1.0],
                [1.0, 0.0, -1e-06, 0.226538, 0.0, 1.0, 0.0, -0.011531, 1e-06, 0.0, 1.0, 0.191389, 0.0, 0.0, 0.0, 1.0],
                [1.0, 0.0, -1e-06, 0.226538, 0.0, 1.0, 0.0, 0.029279, 1e-06, 0.0, 1.0, 0.224403, 0.0, 0.0, 0.0, 1.0],
                [1.0, 0.0, -1e-06, 0.226538, 0.0, 1.0, 0.0, 0.077987, 1e-06, 0.0, 1.0, 0.263807, 0.0, 0.0, 0.0, 1.0],
                [1.0, 0.0, -1e-06, 0.226538, 0.0, 1.0, 0.0, 0.118797, 1e-06, 0.0, 1.0, 0.296821, 0.0, 0.0, 0.0, 1.0],
                [1.0, 0.0, -1e-06, 0.226538, 0.0, 1.0, 0.0, 0.135911, 1e-06, 0.0, 1.0, 0.310666, 0.0, 0.0, 0.0, 1.0],
                [1.0, 0.0, -1e-06, 0.226538, 0.0, 1.0, 0.0, 0.135911, 1e-06, 0.0, 1.0, 0.310666, 0.0, 0.0, 0.0, 1.0],
                [1.0, 0.0, -1e-06, 0.226538, 0.0, 1.0, 0.0, 0.135911, 1e-06, 0.0, 1.0, 0.310666, 0.0, 0.0, 0.0, 1.0],
                [1.0, 0.0, -1e-06, 0.226538, 0.0, 1.0, 0.0, 0.135911, 1e-06, 0.0, 1.0, 0.310666, 0.0, 0.0, 0.0, 1.0],
                [1.0, 0.0, -1e-06, 0.226538, 0.0, 1.0, 0.0, 0.135911, 1e-06, 0.0, 1.0, 0.310666, 0.0, 0.0, 0.0, 1.0],
                [1.0, 0.0, -1e-06, 0.226538, 0.0, 1.0, 0.0, 0.135911, 1e-06, 0.0, 1.0, 0.310666, 0.0, 0.0, 0.0, 1.0],
                [1.0, 0.0, -1e-06, 0.226538, 0.0, 1.0, 0.0, 0.135911, 1e-06, 0.0, 1.0, 0.310666, 0.0, 0.0, 0.0, 1.0],
                [1.0, 0.0, -1e-06, 0.226538, 0.0, 1.0, 0.0, 0.135911, 1e-06, 0.0, 1.0, 0.310666, 0.0, 0.0, 0.0, 1.0],
                [1.0, 0.0, -1e-06, 0.226538, 0.0, 1.0, 0.0, 0.135911, 1e-06, 0.0, 1.0, 0.310666, 0.0, 0.0, 0.0, 1.0],
                [1.0, 0.0, -1e-06, 0.226538, 0.0, 1.0, 0.0, 0.135911, 1e-06, 0.0, 1.0, 0.310666, 0.0, 0.0, 0.0, 1.0],
                [1.0, 0.0, -1e-06, 0.226538, 0.0, 1.0, 0.0, 0.135911, 1e-06, 0.0, 1.0, 0.310666, 0.0, 0.0, 0.0, 1.0],
                [1.0, 0.0, -1e-06, 0.226538, 0.0, 1.0, 0.0, 0.141414, 1e-06, 0.0, 1.0, 0.300383, 0.0, 0.0, 0.0, 1.0],
                [1.0, 0.0, -1e-06, 0.226538, 0.0, 1.0, 0.0, 0.154539, 1e-06, 0.0, 1.0, 0.275864, 0.0, 0.0, 0.0, 1.0],
                [1.0, 0.0, -1e-06, 0.226538, 0.0, 1.0, 0.0, 0.170204, 1e-06, 0.0, 1.0, 0.246598, 0.0, 0.0, 0.0, 1.0],
                [1.0, 0.0, -1e-06, 0.226538, 0.0, 1.0, 0.0, 0.183329, 1e-06, 0.0, 1.0, 0.222078, 0.0, 0.0, 0.0, 1.0],
                [1.0, 0.0, -1e-06, 0.226538, 0.0, 1.0, 0.0, 0.188833, 1e-06, 0.0, 1.0, 0.211796, 0.0, 0.0, 0.0, 1.0],
                [1.0, 0.0, -1e-06, 0.226538, 0.0, 1.0, 0.0, 0.188833, 1e-06, 0.0, 1.0, 0.211796, 0.0, 0.0, 0.0, 1.0],
                [1.0, 0.0, -1e-06, 0.226538, 0.0, 1.0, 0.0, 0.188833, 1e-06, 0.0, 1.0, 0.211796, 0.0, 0.0, 0.0, 1.0],
                [1.0, 0.0, -1e-06, 0.226538, 0.0, 1.0, 0.0, 0.188833, 1e-06, 0.0, 1.0, 0.211796, 0.0, 0.0, 0.0, 1.0],
                [1.0, 0.0, -1e-06, 0.226538, 0.0, 1.0, 0.0, 0.188833, 1e-06, 0.0, 1.0, 0.211796, 0.0, 0.0, 0.0, 1.0],
                [1.0, 0.0, -1e-06, 0.226538, 0.0, 1.0, 0.0, 0.188833, 1e-06, 0.0, 1.0, 0.211796, 0.0, 0.0, 0.0, 1.0],
                [1.0, 0.0, -1e-06, 0.226538, 0.0, 1.0, 0.0, 0.188833, 1e-06, 0.0, 1.0, 0.211796, 0.0, 0.0, 0.0, 1.0],
                [1.0, 0.0, -1e-06, 0.226538, 0.0, 1.0, 0.0, 0.188833, 1e-06, 0.0, 1.0, 0.211796, 0.0, 0.0, 0.0, 1.0],
                [1.0, 0.0, -1e-06, 0.226538, 0.0, 1.0, 0.0, 0.188833, 1e-06, 0.0, 1.0, 0.211796, 0.0, 0.0, 0.0, 1.0],
                [1.0, 0.0, -1e-06, 0.226538, 0.0, 1.0, 0.0, 0.188833, 1e-06, 0.0, 1.0, 0.211796, 0.0, 0.0, 0.0, 1.0],
                [1.0, 0.0, -1e-06, 0.226538, 0.0, 1.0, 0.0, 0.188833, 1e-06, 0.0, 1.0, 0.211796, 0.0, 0.0, 0.0, 1.0],
                [1.0, 0.0, -1e-06, 0.226538, 0.0, 1.0, 0.0, 0.188653, 1e-06, 0.0, 1.0, 0.211768, 0.0, 0.0, 0.0, 1.0],
                [1.0, 0.0, -1e-06, 0.226538, 0.0, 1.0, 0.0, 0.188124, 1e-06, 0.0, 1.0, 0.211684, 0.0, 0.0, 0.0, 1.0],
                [1.0, 0.0, -1e-06, 0.226538, 0.0, 1.0, 0.0, 0.187256, 1e-06, 0.0, 1.0, 0.211548, 0.0, 0.0, 0.0, 1.0],
                [1.0, 0.0, -1e-06, 0.226538, 0.0, 1.0, 0.0, 0.186062, 1e-06, 0.0, 1.0, 0.21136, 0.0, 0.0, 0.0, 1.0],
                [1.0, 0.0, -1e-06, 0.226538, 0.0, 1.0, 0.0, 0.184553, 1e-06, 0.0, 1.0, 0.211122, 0.0, 0.0, 0.0, 1.0],
                [1.0, 0.0, -1e-06, 0.226538, 0.0, 1.0, 0.0, 0.182743, 1e-06, 0.0, 1.0, 0.210837, 0.0, 0.0, 0.0, 1.0],
                [1.0, 0.0, -1e-06, 0.226538, 0.0, 1.0, 0.0, 0.180643, 1e-06, 0.0, 1.0, 0.210506, 0.0, 0.0, 0.0, 1.0],
                [1.0, 0.0, -1e-06, 0.226538, 0.0, 1.0, 0.0, 0.178265, 1e-06, 0.0, 1.0, 0.210132, 0.0, 0.0, 0.0, 1.0],
                [1.0, 0.0, -1e-06, 0.226538, 0.0, 1.0, 0.0, 0.175621, 1e-06, 0.0, 1.0, 0.209715, 0.0, 0.0, 0.0, 1.0],
                [1.0, 0.0, -1e-06, 0.226538, 0.0, 1.0, 0.0, 0.172723, 1e-06, 0.0, 1.0, 0.209259, 0.0, 0.0, 0.0, 1.0],
                [1.0, 0.0, -1e-06, 0.226538, 0.0, 1.0, 0.0, 0.169584, 1e-06, 0.0, 1.0, 0.208764, 0.0, 0.0, 0.0, 1.0],
                [1.0, 0.0, -1e-06, 0.226538, 0.0, 1.0, 0.0, 0.166215, 1e-06, 0.0, 1.0, 0.208234, 0.0, 0.0, 0.0, 1.0],
                [1.0, 0.0, -1e-06, 0.226538, 0.0, 1.0, 0.0, 0.162629, 1e-06, 0.0, 1.0, 0.207669, 0.0, 0.0, 0.0, 1.0],
                [1.0, 0.0, -1e-06, 0.226538, 0.0, 1.0, 0.0, 0.158837, 1e-06, 0.0, 1.0, 0.207072, 0.0, 0.0, 0.0, 1.0],
                [1.0, 0.0, -1e-06, 0.226538, 0.0, 1.0, 0.0, 0.154852, 1e-06, 0.0, 1.0, 0.206444, 0.0, 0.0, 0.0, 1.0],
                [1.0, 0.0, -1e-06, 0.226538, 0.0, 1.0, 0.0, 0.150685, 1e-06, 0.0, 1.0, 0.205788, 0.0, 0.0, 0.0, 1.0],
                [1.0, 0.0, -1e-06, 0.226538, 0.0, 1.0, 0.0, 0.14635, 1e-06, 0.0, 1.0, 0.205105, 0.0, 0.0, 0.0, 1.0],
                [1.0, 0.0, -1e-06, 0.226538, 0.0, 1.0, 0.0, 0.141857, 1e-06, 0.0, 1.0, 0.204398, 0.0, 0.0, 0.0, 1.0],
                [1.0, 0.0, -1e-06, 0.226538, 0.0, 1.0, 0.0, 0.13722, 1e-06, 0.0, 1.0, 0.203667, 0.0, 0.0, 0.0, 1.0],
                [1.0, 0.0, -1e-06, 0.226538, 0.0, 1.0, 0.0, 0.13245, 1e-06, 0.0, 1.0, 0.202916, 0.0, 0.0, 0.0, 1.0],
                [1.0, 0.0, -1e-06, 0.226538, 0.0, 1.0, 0.0, 0.127558, 1e-06, 0.0, 1.0, 0.202146, 0.0, 0.0, 0.0, 1.0],
                [1.0, 0.0, -1e-06, 0.226538, 0.0, 1.0, 0.0, 0.122558, 1e-06, 0.0, 1.0, 0.201358, 0.0, 0.0, 0.0, 1.0],
                [1.0, 0.0, -1e-06, 0.226538, 0.0, 1.0, 0.0, 0.117462, 1e-06, 0.0, 1.0, 0.200556, 0.0, 0.0, 0.0, 1.0],
                [1.0, 0.0, -1e-06, 0.226538, 0.0, 1.0, 0.0, 0.112281, 1e-06, 0.0, 1.0, 0.19974, 0.0, 0.0, 0.0, 1.0],
                [1.0, 0.0, -1e-06, 0.226538, 0.0, 1.0, 0.0, 0.107027, 1e-06, 0.0, 1.0, 0.198912, 0.0, 0.0, 0.0, 1.0],
                [1.0, 0.0, -1e-06, 0.226538, 0.0, 1.0, 0.0, 0.101713, 1e-06, 0.0, 1.0, 0.198075, 0.0, 0.0, 0.0, 1.0],
                [1.0, 0.0, -1e-06, 0.226538, 0.0, 1.0, 0.0, 0.09635, 1e-06, 0.0, 1.0, 0.197231, 0.0, 0.0, 0.0, 1.0],
                [1.0, 0.0, -1e-06, 0.226538, 0.0, 1.0, 0.0, 0.090952, 1e-06, 0.0, 1.0, 0.19638, 0.0, 0.0, 0.0, 1.0],
                [1.0, 0.0, -1e-06, 0.226538, 0.0, 1.0, 0.0, 0.085529, 1e-06, 0.0, 1.0, 0.195526, 0.0, 0.0, 0.0, 1.0],
                [1.0, 0.0, -1e-06, 0.226538, 0.0, 1.0, 0.0, 0.080094, 1e-06, 0.0, 1.0, 0.19467, 0.0, 0.0, 0.0, 1.0],
                [1.0, 0.0, -1e-06, 0.226538, 0.0, 1.0, 0.0, 0.074659, 1e-06, 0.0, 1.0, 0.193814, 0.0, 0.0, 0.0, 1.0],
                [1.0, 0.0, -1e-06, 0.226538, 0.0, 1.0, 0.0, 0.069236, 1e-06, 0.0, 1.0, 0.19296, 0.0, 0.0, 0.0, 1.0],
                [1.0, 0.0, -1e-06, 0.226538, 0.0, 1.0, 0.0, 0.063838, 1e-06, 0.0, 1.0, 0.19211, 0.0, 0.0, 0.0, 1.0],
                [1.0, 0.0, -1e-06, 0.226538, 0.0, 1.0, 0.0, 0.058475, 1e-06, 0.0, 1.0, 0.191266, 0.0, 0.0, 0.0, 1.0],
                [1.0, 0.0, -1e-06, 0.226538, 0.0, 1.0, 0.0, 0.053161, 1e-06, 0.0, 1.0, 0.190429, 0.0, 0.0, 0.0, 1.0],
                [1.0, 0.0, -1e-06, 0.226538, 0.0, 1.0, 0.0, 0.047907, 1e-06, 0.0, 1.0, 0.189601, 0.0, 0.0, 0.0, 1.0],
                [1.0, 0.0, -1e-06, 0.226538, 0.0, 1.0, 0.0, 0.042726, 1e-06, 0.0, 1.0, 0.188785, 0.0, 0.0, 0.0, 1.0],
                [1.0, 0.0, -1e-06, 0.226538, 0.0, 1.0, 0.0, 0.037629, 1e-06, 0.0, 1.0, 0.187983, 0.0, 0.0, 0.0, 1.0],
                [1.0, 0.0, -1e-06, 0.226538, 0.0, 1.0, 0.0, 0.03263, 1e-06, 0.0, 1.0, 0.187195, 0.0, 0.0, 0.0, 1.0],
                [1.0, 0.0, -1e-06, 0.226538, 0.0, 1.0, 0.0, 0.027738, 1e-06, 0.0, 1.0, 0.186425, 0.0, 0.0, 0.0, 1.0],
                [1.0, 0.0, -1e-06, 0.226538, 0.0, 1.0, 0.0, 0.022968, 1e-06, 0.0, 1.0, 0.185673, 0.0, 0.0, 0.0, 1.0],
                [1.0, 0.0, -1e-06, 0.226538, 0.0, 1.0, 0.0, 0.01833, 1e-06, 0.0, 1.0, 0.184943, 0.0, 0.0, 0.0, 1.0],
                [1.0, 0.0, -1e-06, 0.226538, 0.0, 1.0, 0.0, 0.013838, 1e-06, 0.0, 1.0, 0.184236, 0.0, 0.0, 0.0, 1.0],
                [1.0, 0.0, -1e-06, 0.226538, 0.0, 1.0, 0.0, 0.009502, 1e-06, 0.0, 1.0, 0.183553, 0.0, 0.0, 0.0, 1.0],
                [1.0, 0.0, -1e-06, 0.226538, 0.0, 1.0, 0.0, 0.005336, 1e-06, 0.0, 1.0, 0.182897, 0.0, 0.0, 0.0, 1.0],
                [1.0, 0.0, -1e-06, 0.226538, 0.0, 1.0, 0.0, 0.001351, 1e-06, 0.0, 1.0, 0.182269, 0.0, 0.0, 0.0, 1.0],
                [1.0, 0.0, -1e-06, 0.226538, 0.0, 1.0, 0.0, -0.002441, 1e-06, 0.0, 1.0, 0.181672, 0.0, 0.0, 0.0, 1.0],
                [1.0, 0.0, -1e-06, 0.226538, 0.0, 1.0, 0.0, -0.006027, 1e-06, 0.0, 1.0, 0.181107, 0.0, 0.0, 0.0, 1.0],
                [1.0, 0.0, -1e-06, 0.226538, 0.0, 1.0, 0.0, -0.009396, 1e-06, 0.0, 1.0, 0.180576, 0.0, 0.0, 0.0, 1.0],
                [1.0, 0.0, -1e-06, 0.226538, 0.0, 1.0, 0.0, -0.012535, 1e-06, 0.0, 1.0, 0.180082, 0.0, 0.0, 0.0, 1.0],
                [1.0, 0.0, -1e-06, 0.226538, 0.0, 1.0, 0.0, -0.015433, 1e-06, 0.0, 1.0, 0.179626, 0.0, 0.0, 0.0, 1.0],
                [1.0, 0.0, -1e-06, 0.226538, 0.0, 1.0, 0.0, -0.018077, 1e-06, 0.0, 1.0, 0.179209, 0.0, 0.0, 0.0, 1.0],
                [1.0, 0.0, -1e-06, 0.226538, 0.0, 1.0, 0.0, -0.020455, 1e-06, 0.0, 1.0, 0.178835, 0.0, 0.0, 0.0, 1.0],
                [1.0, 0.0, -1e-06, 0.226538, 0.0, 1.0, 0.0, -0.022555, 1e-06, 0.0, 1.0, 0.178504, 0.0, 0.0, 0.0, 1.0],
                [1.0, 0.0, -1e-06, 0.226538, 0.0, 1.0, 0.0, -0.024366, 1e-06, 0.0, 1.0, 0.178219, 0.0, 0.0, 0.0, 1.0],
                [1.0, 0.0, -1e-06, 0.226538, 0.0, 1.0, 0.0, -0.025874, 1e-06, 0.0, 1.0, 0.177981, 0.0, 0.0, 0.0, 1.0],
                [1.0, 0.0, -1e-06, 0.226538, 0.0, 1.0, 0.0, -0.027068, 1e-06, 0.0, 1.0, 0.177793, 0.0, 0.0, 0.0, 1.0],
                [1.0, 0.0, -1e-06, 0.226538, 0.0, 1.0, 0.0, -0.027936, 1e-06, 0.0, 1.0, 0.177656, 0.0, 0.0, 0.0, 1.0],
                [1.0, 0.0, -1e-06, 0.226538, 0.0, 1.0, 0.0, -0.028465, 1e-06, 0.0, 1.0, 0.177573, 0.0, 0.0, 0.0, 1.0],
                [1.0, 0.0, -1e-06, 0.226538, 0.0, 1.0, 0.0, -0.028645, 1e-06, 0.0, 1.0, 0.177545, 0.0, 0.0, 0.0, 1.0]
            ]
        },
        {
            "name": "Root",
            "time": [0.0, 0.0167, 0.0333, 0.05, 0.0667, 0.0833, 0.1, 0.1167, 0.1333, 0.15, 0.1667, 0.1833, 0.2, 0.2167, 0.2333, 0.25, 0.2667, 0.2833, 0.3, 0.3167, 0.3333, 0.35, 0.3667, 0.3833, 0.4, 0.4167, 0.4333, 0.45, 0.4667, 0.4833, 0.5, 0.5167, 0.5333, 0.55, 0.5667, 0.5833, 0.6, 0.6167, 0.6333, 0.65, 0.6667, 0.6833, 0.7, 0.7167, 0.7333, 0.75, 0.7667, 0.7833, 0.8, 0.8167, 0.8333, 0.85, 0.8667, 0.8833, 0.9, 0.9167, 0.9333, 0.95, 0.9667, 0.9833, 1.0, 1.0167, 1.0333, 1.05, 1.0667, 1.0833, 1.1, 1.1167, 1.1333, 1.15, 1.1667, 1.1833, 1.2, 1.2167, 1.2333, 1.25, 1.2667, 1.2833, 1.3, 1.3167, 1.3333, 1.35, 1.3667, 1.3833, 1.4, 1.4167, 1.4333, 1.45, 1.4667, 1.4833, 1.5, 1.5167, 1.5333, 1.55, 1.5667, 1.5833, 1.6, 1.6167, 1.6333, 1.65, 1.6667, 1.6833, 1.7, 1.7167, 1.7333, 1.75, 1.7667, 1.7833, 1.8, 1.8167, 1.8333, 1.85, 1.8667, 1.8833, 1.9, 1.9167, 1.9333, 1.95, 1.9667, 1.9833, 2.0],
            "transform": [
                [1.0, 0.0, 0.0, -5e-06, 0.0, 0.0, -1.0, 0.000946, 0.0, 1.0, 0.0, 0.907929, 0.0, 0.0, 0.0, 1.0],
                [0.999998, 9.5e-05, -0.001893, -5e-06, -0.001893, 0.000346, -0.999998, 0.000946, -9.5e-05, 1.0, 0.000346, 0.907622, 0.0, 0.0, 0.0, 1.0],
                [0.999973, 0.000373, -0.007338, -5e-06, -0.007338, 0.001339, -0.999972, 0.000946, -0.000363, 0.999999, 0.001342, 0.906737, 0.0, 0.0, 0.0, 1.0],
                [0.999872, 0.000826, -0.015982, -5e-06, -0.015984, 0.002913, -0.999868, 0.000946, -0.000779, 0.999995, 0.002926, 0.905333, 0.0, 0.0, 0.0, 1.0],
                [0.999621, 0.001449, -0.027474, -5e-06, -0.027481, 0.005, -0.99961, 0.000946, -0.001311, 0.999986, 0.005038, 0.903467, 0.0, 0.0, 0.0, 1.0],
                [0.999138, 0.00224, -0.041458, -5e-06, -0.041474, 0.007532, -0.999111, 0.000946, -0.001925, 0.999969, 0.007618, 0.901196, 0.0, 0.0, 0.0, 1.0],
                [0.998336, 0.003196, -0.057577, -5e-06, -0.057607, 0.010437, -0.998285, 0.000946, -0.00259, 0.99994, 0.010604, 0.898577, 0.0, 0.0, 0.0, 1.0],
                [0.997139, 0.004314, -0.075466, -5e-06, -0.075519, 0.013647, -0.997051, 0.000946, -0.003272, 0.999897, 0.013934, 0.895669, 0.0, 0.0, 0.0, 1.0],
                [0.995484, 0.005587, -0.09476, -5e-06, -0.094843, 0.017092, -0.995345, 0.000946, -0.003942, 0.999838, 0.017544, 0.892528, 0.0, 0.0, 0.0, 1.0],
                [0.99333, 0.007004, -0.115089, -5e-06, -0.115211, 0.020701, -0.993125, 0.000946, -0.004574, 0.999761, 0.02137, 0.889212, 0.0, 0.0, 0.0, 1.0],
                [0.990661, 0.008549, -0.13608, -5e-06, -0.136252, 0.024406, -0.990374, 0.000946, -0.005146, 0.999665, 0.025343, 0.885778, 0.0, 0.0, 0.0, 1.0],
                [0.987488, 0.010202, -0.157365, -5e-06, -0.157594, 0.02814, -0.987103, 0.000946, -0.005642, 0.999552, 0.029396, 0.882283, 0.0, 0.0, 0.0, 1.0],
                [0.983854, 0.011936, -0.178575, -5e-06, -0.178871, 0.031838, -0.983357, 0.000946, -0.006052, 0.999422, 0.033459, 0.878786, 0.0, 0.0, 0.0, 1.0],
                [0.979832, 0.01372, -0.19935, -5e-06, -0.19972, 0.035438, -0.979212, 0.000946, -0.00637, 0.999278, 0.037463, 0.875343, 0.0, 0.0, 0.0, 1.0],
                [0.975525, 0.015518, -0.219338, -5e-06, -0.219787, 0.038879, -0.974773, 0.000946, -0.006599, 0.999123, 0.041339, 0.872012, 0.0, 0.0, 0.0, 1.0],
                [0.971063, 0.017289, -0.238197, -5e-06, -0.238728, 0.042107, -0.970173, 0.000946, -0.006744, 0.998963, 0.045016, 0.86885, 0.0, 0.0, 0.0, 1.0],
                [0.966597, 0.018989, -0.255596, -5e-06, -0.25621, 0.045068, -0.96557, 0.000946, -0.006816, 0.998803, 0.048427, 0.865914, 0.0, 0.0, 0.0, 1.0],
                [0.962299, 0.02057, -0.271215, -5e-06, -0.271908, 0.047711, -0.96114, 0.000946, -0.006831, 0.998649, 0.051505, 0.863262, 0.0, 0.0, 0.0, 1.0],
                [0.958352, 0.021984, -0.284744, -5e-06, -0.28551, 0.049989, -0.957071, 0.000946, -0.006806, 0.998508, 0.054183, 0.860952, 0.0, 0.0, 0.0, 1.0],
                [0.954944, 0.023181, -0.295878, -5e-06, -0.296708, 0.051855, -0.953559, 0.000946, -0.006761, 0.998386, 0.056397, 0.85904, 0.0, 0.0, 0.0, 1.0],
                [0.952265, 0.024111, -0.304319, -5e-06, -0.305199, 0.053264, -0.950798, 0.000946, -0.006715, 0.998289, 0.058081, 0.857585, 0.0, 0.0, 0.0, 1.0],
                [0.950209, 0.024795, -0.310625, -5e-06, -0.311542, 0.054318, -0.948679, 0.000946, -0.00665, 0.998216, 0.059338, 0.856493, 0.0, 0.0, 0.0, 1.0],
                [0.948534, 0.025347, -0.31566, -5e-06, -0.316607, 0.055157, -0.946952, 0.000946, -0.006592, 0.998156, 0.060344, 0.855619, 0.0, 0.0, 0.0, 1.0],
                [0.947205, 0.025866, -0.319584, -5e-06, -0.32056, 0.055797, -0.945583, 0.000946, -0.006627, 0.998107, 0.061143, 0.854939, 0.0, 0.0, 0.0, 1.0],
                [0.946182, 0.02645, -0.322553, -5e-06, -0.323564, 0.05625, -0.944533, 0.000946, -0.006839, 0.998066, 0.061781, 0.854427, 0.0, 0.0, 0.0, 1.0],
                [0.945418, 0.027196, -0.324723, -5e-06, -0.325778, 0.056529, -0.943755, 0.000946, -0.00731, 0.998031, 0.062303, 0.854061, 0.0, 0.0, 0.0, 1.0],
                [0.944865, 0.028205, -0.326245, -5e-06, -0.327361, 0.056644, -0.9432, 0.000946, -0.008123, 0.997996, 0.062754, 0.853815, 0.0, 0.0, 0.0, 1.0],
                [0.944468, 0.029577, -0.32727, -5e-06, -0.32847, 0.056609, -0.942816, 0.000946, -0.00936, 0.997958, 0.06318, 0.853666, 0.0, 0.0, 0.0, 1.0],
                [0.944173, 0.031415, -0.327949, -5e-06, -0.329263, 0.056432, -0.94255, 0.000946, -0.011104, 0.997912, 0.063626, 0.85359, 0.0, 0.0, 0.0, 1.0],
                [0.943922, 0.033823, -0.328432, -5e-06, -0.329895, 0.056125, -0.942348, 0.000946, -0.01344, 0.997851, 0.064136, 0.853561, 0.0, 0.0, 0.0, 1.0],
                [0.943655, 0.036905, -0.328867, -5e-06, -0.330521, 0.055698, -0.942154, 0.000946, -0.016453, 0.997765, 0.064757, 0.853557, 0.0, 0.0, 0.0, 1.0],
                [0.965327, 0.039187, -0.258084, -5e-06, -0.259987, 0.055518, -0.964015, 0.024337, -0.023448, 0.997688, 0.063781, 0.853557, 0.0, 0.0, 0.0, 1.0],
                [0.996308, 0.039581, -0.076176, -5e-06, -0.078322, 0.055836, -0.995363, 0.080805, -0.035144, 0.997655, 0.05873, 0.853557, 0.0, 0.0, 0.0, 1.0],
                [0.986958, 0.03875, 0.156246, -5e-06, 0.153966, 0.056145, -0.98648, 0.149791, -0.046999, 0.99767, 0.049447, 0.853557, 0.0, 0.0, 0.0, 1.0],
                [0.931683, 0.03756, 0.361326, -5e-06, 0.359047, 0.056064, -0.931634, 0.210738, -0.055249, 0.99772, 0.038748, 0.853557, 0.0, 0.0, 0.0, 1.0],
                [0.877634, 0.036905, 0.477909, -5e-06, 0.475685, 0.055698, -0.877851, 0.243089, -0.059015, 0.997765, 0.031327, 0.853557, 0.0, 0.0, 0.0, 1.0],
                [0.846787, 0.036804, 0.530658, -5e-06, 0.528473, 0.055378, -0.847142, 0.252197, -0.060565, 0.997787, 0.027444, 0.852666, 0.0, 0.0, 0.0, 1.0],
                [0.819611, 0.036759, 0.571739, -5e-06, 0.569588, 0.055191, -0.820075, 0.257722, -0.061699, 0.997799, 0.024298, 0.850245, 0.0, 0.0, 0.0, 1.0],
                [0.796754, 0.036748, 0.603185, -5e-06, 0.601059, 0.055113, -0.797302, 0.260559, -0.062543, 0.997804, 0.021823, 0.846678, 0.0, 0.0, 0.0, 1.0],
                [0.778381, 0.03676, 0.626715, -5e-06, 0.624604, 0.055123, -0.778993, 0.261605, -0.063182, 0.997803, 0.019946, 0.842347, 0.0, 0.0, 0.0, 1.0],
                [0.764334, 0.036785, 0.64377, -5e-06, 0.641669, 0.055197, -0.764993, 0.261754, -0.063674, 0.997798, 0.018585, 0.837634, 0.0, 0.0, 0.0, 1.0],
                [0.754236, 0.036815, 0.655571, -5e-06, 0.653472, 0.055312, -0.754927, 0.261903, -0.064054, 0.99779, 0.01766, 0.832921, 0.0, 0.0, 0.0, 1.0],
                [0.747558, 0.036847, 0.663174, -5e-06, 0.661073, 0.055444, -0.74827, 0.262949, -0.064341, 0.997782, 0.017089, 0.82859, 0.0, 0.0, 0.0, 1.0],
                [0.743673, 0.036876, 0.667526, -5e-06, 0.665421, 0.055568, -0.744397, 0.265786, -0.064544, 0.997774, 0.016787, 0.825023, 0.0, 0.0, 0.0, 1.0],
                [0.741886, 0.036897, 0.66951, -5e-06, 0.667401, 0.055661, -0.742616, 0.271311, -0.064666, 0.997768, 0.016669, 0.822602, 0.0, 0.0, 0.0, 1.0],
                [0.741458, 0.036905, 0.669983, -5e-06, 0.667872, 0.055698, -0.742189, 0.280419, -0.064707, 0.997765, 0.01665, 0.821711, 0.0, 0.0, 0.0, 1.0],
                [0.803162, 0.03703, 0.594609, -5e-06, 0.592501, 0.054609, -0.803716, 0.323235, -0.062233, 0.997821, 0.02192, 0.821711, 0.0, 0.0, 0.0, 1.0],
                [0.922591, 0.036883, 0.384013, -5e-06, 0.381963, 0.052353, -0.922694, 0.409136, -0.054136, 0.997947, 0.034212, 0.821711, 0.0, 0.0, 0.0, 1.0],
                [0.995179, 0.036113, 0.09118, -5e-06, 0.089296, 0.050736, -0.994712, 0.507907, -0.040548, 0.998059, 0.047267, 0.821711, 0.0, 0.0, 0.0, 1.0],
                [0.984514, 0.035647, -0.171645, -5e-06, -0.173335, 0.05149, -0.983516, 0.589329, -0.026221, 0.998037, 0.056871, 0.821711, 0.0, 0.0, 0.0, 1.0],
                [0.95184, 0.036905, -0.304366, -5e-06, -0.306059, 0.055698, -0.950382, 0.623185, -0.018121, 0.997765, 0.06431, 0.821711, 0.0, 0.0, 0.0, 1.0],
                [0.937452, 0.040269, -0.345777, -5e-06, -0.34774, 0.062253, -0.935522, 0.623185, -0.016147, 0.997248, 0.072362, 0.821711, 0.0, 0.0, 0.0, 1.0],
                [0.924516, 0.045287, -0.378442, -5e-06, -0.380822, 0.06905, -0.922067, 0.623185, -0.015626, 0.996585, 0.081084, 0.821711, 0.0, 0.0, 0.0, 1.0],
